Gene,nascentRNA,PCNA,ratio
APEX1,0.3118,0.1670,0.9003
APEX1,0.2773,0.2529,0.1328
APEX1,0.2764,0.2064,0.4217
APEX1,0.1982,0.1080,0.8759
APEX1,0.2316,0.1107,1.0643
APEX1,0.0590,0.0814,-0.4645
APEX1,0.1899,0.1626,0.2235
APEX1,0.3124,0.1725,0.8567
APEX1,0.2036,0.1157,0.8157
APEX1,0.1819,0.1223,0.5722
APEX1,0.2596,0.1959,0.4064
APEX1,0.2672,0.0807,1.7275
APEX1,0.2965,0.0915,1.6953
APEX1,0.2419,0.1802,0.4248
APEX1,0.2066,0.1437,0.5236
APEX1,0.2887,0.2143,0.4298
APEX1,0.2623,0.1688,0.6357
APEX1,0.1993,0.1543,0.3692
APEX1,0.1764,0.0869,1.0213
APEX1,0.0398,0.1565,-1.9752
APEX1,0.1704,0.1076,0.6636
APEX1,0.2627,0.1669,0.6543
APEX1,0.1275,0.1654,-0.3759
APEX1,0.2487,0.1968,0.3376
APEX1,0.2025,0.1357,0.5777
APEX1,0.2385,0.1612,0.5655
APEX1,0.1706,0.1320,0.3704
APEX1,0.1808,0.1245,0.5382
APEX1,0.2438,0.1797,0.4400
APEX1,0.2541,0.2563,-0.0124
APEX1,0.2156,0.1369,0.6546
APEX1,0.1768,0.1162,0.6054
APEX1,0.2114,0.1312,0.6879
APEX1,0.2808,0.1728,0.7004
APEX1,0.2449,0.1433,0.7731
APEX1,0.2572,0.1881,0.4518
APEX1,0.3176,0.1984,0.6789
APEX1,0.2096,0.2031,0.0454
APEX1,0.3083,0.1960,0.6536
APEX1,0.1943,0.1338,0.5383
APEX1,0.2312,0.1553,0.5740
APEX1,0.1911,0.1377,0.4731
APEX1,0.2565,0.1653,0.6338
APEX1,0.1808,0.1108,0.7062
APEX1,0.2391,0.1553,0.6230
APEX1,0.1384,0.0701,0.9806
APEX1,0.2306,0.1765,0.3858
APEX1,0.1954,0.1154,0.7599
APEX1,0.2384,0.1683,0.5029
APEX1,0.1886,0.1393,0.4370
APEX1,0.2537,0.1927,0.3969
APEX1,0.1930,0.1281,0.5914
APEX1,0.2598,0.1879,0.4673
APEX1,0.2337,0.1683,0.4732
APEX1,0.2112,0.1511,0.4831
APEX1,0.2423,0.1873,0.3710
APEX1,0.2561,0.1851,0.4689
APEX1,0.2198,0.1503,0.5486
APEX1,0.2606,0.1538,0.7611
APEX1,0.2278,0.1959,0.2177
APEX1,0.2408,0.1601,0.5887
APEX1,0.2982,0.1878,0.6671
APEX1,0.2959,0.1943,0.6070
APEX1,0.3892,0.1958,0.9913
APEX1,0.2674,0.1426,0.9067
APEX1,0.1435,0.1159,0.3080
APEX1,0.1260,0.1047,0.2681
APEX1,0.1947,0.1548,0.3303
APEX1,0.2337,0.1523,0.6175
APEX1,0.2594,0.2312,0.1659
APEX1,0.1248,0.1690,-0.4375
APEX1,0.1719,0.1387,0.3094
APEX1,0.1590,0.1202,0.4034
APEX1,0.1742,0.1285,0.4391
APEX1,0.1920,0.1049,0.8724
APEX1,0.1963,0.1271,0.6264
APEX1,0.1754,0.1365,0.3619
APEX1,0.2984,0.1549,0.9456
APEX1,0.1133,0.0981,0.2081
APEX1,0.1599,0.1268,0.3347
APEX1,0.3435,0.1938,0.8258
APEX1,0.1748,0.0959,0.8660
APEX1,0.1834,0.1436,0.3535
APEX1,0.1388,0.1331,0.0608
APEX1,0.2272,0.1713,0.4071
APEX1,0.1442,0.1437,0.0049
APEX1,0.2052,0.1085,0.9195
APEX1,0.3380,0.1174,1.5250
APEX1,0.1582,0.1193,0.4075
APEX1,0.1989,0.1170,0.7656
APEX1,0.2460,0.1784,0.4637
APEX1,0.2322,0.1093,1.0866
APEX1,0.3330,0.2189,0.6049
APEX1,0.1359,0.1347,0.0137
APEX1,0.1216,0.1203,0.0152
APEX1,0.2890,0.2768,0.0621
APEX1,0.2436,0.1304,0.9018
APEX1,0.1821,0.1038,0.8109
APEX1,0.2895,0.1787,0.6965
APEX1,0.1814,0.1339,0.4389
APEX1,0.2381,0.1277,0.8986
APEX1,0.2070,0.0985,1.0711
APEX1,0.2580,0.1333,0.9530
APEX1,0.3362,0.2345,0.5199
APEX1,0.2726,0.1930,0.4981
APEX1,0.2449,0.1186,1.0460
APEX1,0.2718,0.1512,0.8461
APEX1,0.1478,0.1188,0.3151
APEX1,0.2563,0.1811,0.5010
APEX1,0.1692,0.1191,0.5065
APEX1,0.2739,0.1463,0.9046
APEX1,0.2430,0.1338,0.8607
APEX1,0.2237,0.1143,0.9690
APEX1,0.1879,0.1306,0.5247
APEX1,0.1721,0.1282,0.4244
APEX1,0.3885,0.3035,0.3563
APEX1,0.2520,0.1293,0.9624
APEX1,0.2733,0.1265,1.1113
APEX1,0.2169,0.1159,0.9044
APEX1,0.2858,0.1660,0.7843
APEX1,0.1266,0.0972,0.3810
APEX1,0.3026,0.1538,0.9760
APEX1,0.1697,0.1216,0.4810
APEX1,0.2609,0.1391,0.9073
APEX1,0.1956,0.1183,0.7257
APEX1,0.3302,0.2609,0.3402
APEX1,0.2215,0.1414,0.6478
APEX1,0.1953,0.1970,-0.0123
APEX1,0.2711,0.1748,0.6332
APEX1,0.1194,0.2116,-0.8252
APEX1,0.0927,0.0915,0.0186
APEX1,0.1672,0.1187,0.4938
APEX1,0.1838,0.1046,0.8123
APEX1,0.0337,0.1346,-1.9976
APEX1,0.1714,0.1049,0.7091
APEX1,0.1596,0.0975,0.7103
APEX1,0.2756,0.2385,0.2085
APEX1,0.2103,0.1400,0.5872
APEX1,0.2678,0.2027,0.4022
APEX1,0.0966,0.1019,-0.0776
APEX1,0.1904,0.1079,0.8189
APEX1,0.2672,0.1316,1.0219
APEX1,0.0203,0.0313,-0.6220
APEX1,0.0201,0.0344,-0.7733
APEX1,0.2667,0.1753,0.6050
APEX1,0.2679,0.1435,0.9007
APEX1,0.2261,0.1236,0.8719
APEX1,0.1796,0.1063,0.7562
APEX1,0.2584,0.1927,0.4236
APEX1,0.1827,0.1647,0.1499
APEX1,0.2058,0.1512,0.4447
APEX1,0.2677,0.1236,1.1153
APEX1,0.1976,0.1657,0.2540
APEX1,0.1704,0.1114,0.6133
APEX1,0.2098,0.1457,0.5260
APEX1,0.2067,0.1567,0.3994
APEX1,0.1694,0.1765,-0.0595
APEX1,0.1749,0.1347,0.3771
APEX1,0.2686,0.2152,0.3201
APEX1,0.0407,0.0469,-0.2070
APEX1,0.2383,0.2113,0.1734
APEX1,0.2217,0.1814,0.2893
APEX1,0.3286,0.2359,0.4783
APEX1,0.2207,0.1850,0.2549
APEX1,0.2349,0.1715,0.4537
APEX1,0.2248,0.1383,0.7010
APEX1,0.2035,0.1661,0.2929
APEX1,0.2647,0.1733,0.6116
APEX1,0.2603,0.2063,0.3356
APEX1,0.1451,0.1144,0.3433
APEX1,0.2928,0.1588,0.8829
APEX1,0.1454,0.1237,0.2331
APEX1,0.2258,0.1746,0.3707
APEX1,0.2120,0.2019,0.0705
APEX1,0.1219,0.1186,0.0389
APEX1,0.2127,0.1879,0.1785
APEX1,0.2725,0.2534,0.1053
APEX1,0.2142,0.1383,0.6314
APEX1,0.1862,0.1252,0.5726
APEX1,0.3471,0.1937,0.8411
APEX1,0.1999,0.1275,0.6496
APEX1,0.3039,0.2060,0.5608
APEX1,0.2136,0.1505,0.5054
APEX1,0.1527,0.1259,0.2789
APEX1,0.2018,0.1285,0.6507
APEX1,0.2398,0.1450,0.7256
APEX1,0.2717,0.1740,0.6425
APEX1,0.2466,0.1687,0.5477
APEX1,0.2679,0.1972,0.4416
APEX1,0.2568,0.1625,0.6599
APEX1,0.3474,0.1973,0.8164
APEX1,0.3083,0.1537,1.0041
APEX1,0.3486,0.1933,0.8511
APEX1,0.2289,0.1246,0.8774
APEX1,0.2272,0.1520,0.5797
APEX1,0.2193,0.1433,0.6132
APEX1,0.3039,0.1563,0.9591
APEX1,0.2462,0.1771,0.4752
APEX1,0.1944,0.1339,0.5383
APEX1,0.2481,0.1950,0.3476
APEX1,0.2289,0.1401,0.7081
APEX1,0.4334,0.1187,1.8686
APEX1,0.2965,0.1971,0.5889
APEX1,0.2948,0.1887,0.6433
APEX1,0.2022,0.1706,0.2453
APEX1,0.1173,0.1454,-0.3096
APEX1,0.1255,0.0961,0.3852
APEX1,0.2731,0.1607,0.7650
APEX1,0.3387,0.1601,1.0811
APEX1,0.3163,0.1767,0.8396
APEX1,0.2102,0.1392,0.5951
APEX1,0.2153,0.1083,0.9909
APEX1,0.1891,0.1370,0.4654
APEX1,0.2538,0.1505,0.7541
APEX1,0.3038,0.1984,0.6151
APEX1,0.2612,0.1665,0.6497
APEX1,0.1988,0.1592,0.3199
APEX1,0.2270,0.1402,0.6945
APEX1,0.2196,0.1219,0.8496
APEX1,0.3400,0.1999,0.7660
APEX1,0.2646,0.1743,0.6021
APEX1,0.2518,0.1721,0.5491
APEX1,0.2228,0.1383,0.6877
APEX1,0.2031,0.1758,0.2082
APEX1,0.1868,0.1036,0.8509
APEX1,0.3523,0.1841,0.9361
APEX1,0.2258,0.1188,0.9266
APEX1,0.1872,0.1013,0.8866
APEX1,0.2343,0.1796,0.3841
APEX1,0.1677,0.0781,1.1016
APEX1,0.1818,0.1457,0.3195
APEX1,0.2547,0.1958,0.3795
APEX1,0.1775,0.1118,0.6672
APEX1,0.1673,0.1084,0.6260
APEX1,0.1723,0.1243,0.4711
APEX1,0.2544,0.1803,0.4967
APEX1,0.3049,0.1777,0.7787
APEX1,0.1888,0.0969,0.9625
APEX1,0.2711,0.1647,0.7191
APEX1,0.2467,0.1615,0.6114
APEX1,0.2071,0.1021,1.0200
APEX1,0.3734,0.2118,0.8183
APEX1,0.2553,0.1914,0.4156
APEX1,0.1605,0.1078,0.5742
APEX1,0.1613,0.0961,0.7468
APEX1,0.3314,0.1427,1.2161
APEX1,0.2643,0.1722,0.6180
APEX1,0.1454,0.0925,0.6532
APEX1,0.3104,0.2121,0.5491
APEX1,0.1953,0.1298,0.5891
APEX1,0.1994,0.1242,0.6830
APEX1,0.1879,0.2137,-0.1859
APEX1,0.2495,0.1273,0.9715
APEX1,0.1626,0.1683,-0.0492
APEX1,0.2451,0.1933,0.3424
APEX1,0.2182,0.1532,0.5104
APEX1,0.1641,0.1019,0.6868
APEX1,0.2596,0.2051,0.3396
APEX1,0.2323,0.1084,1.0993
APEX1,0.2219,0.1326,0.7429
APEX1,0.1685,0.1000,0.7530
APEX1,0.1671,0.1134,0.5591
APEX1,0.1546,0.1039,0.5735
APEX1,0.1738,0.1146,0.6009
APEX1,0.1987,0.1247,0.6718
APEX1,0.2512,0.1462,0.7813
APEX1,0.2067,0.1360,0.6040
APEX1,0.2049,0.1410,0.5393
APEX1,0.2335,0.1989,0.2311
APEX1,0.0490,0.0600,-0.2919
APEX1,0.2020,0.1306,0.6292
APEX1,0.1693,0.1200,0.4969
APEX1,0.1850,0.0999,0.8894
APEX1,0.1532,0.0837,0.8731
APEX1,0.1751,0.0884,0.9863
APEX1,0.1691,0.1346,0.3296
APEX1,0.1638,0.1276,0.3598
APEX1,0.2114,0.1174,0.8490
APEX1,0.1899,0.1790,0.0854
APEX1,0.1884,0.1067,0.8210
APEX1,0.1414,0.1060,0.4160
APEX1,0.2204,0.1276,0.7891
APEX1,0.1330,0.0899,0.5653
APEX1,0.1923,0.1484,0.3741
APEX1,0.3344,0.1525,1.1324
APEX1,0.0227,0.0454,-1.0019
APEX1,0.2393,0.1694,0.4986
APEX1,0.2133,0.1015,1.0711
APEX1,0.1861,0.1045,0.8317
APEX1,0.1713,0.0984,0.8001
APEX1,0.3610,0.1739,1.0538
APEX1,0.1326,0.0974,0.4454
APEX1,0.2306,0.1936,0.2527
APEX1,0.1771,0.1189,0.5750
APEX1,0.1874,0.1835,0.0301
APEX1,0.0929,0.0701,0.4064
APEX1,0.3102,0.1497,1.0507
APEX1,0.1603,0.1139,0.4935
APEX1,0.1864,0.1463,0.3498
APEX1,0.1593,0.1074,0.5695
APEX1,0.2268,0.1147,0.9840
APEX1,0.2455,0.1627,0.5935
APEX1,0.1762,0.1084,0.7011
APEX1,0.2511,0.1752,0.5197
APEX1,0.2769,0.1318,1.0712
APEX1,0.2396,0.1139,1.0724
APEX1,0.1840,0.1313,0.4869
APEX1,0.1407,0.1070,0.3949
APEX1,0.0469,0.1017,-1.1170
APEX1,0.1980,0.1198,0.7251
APEX1,0.1488,0.0937,0.6668
APEX1,0.1378,0.1051,0.3909
APEX1,0.1824,0.1071,0.7680
APEX1,0.2206,0.1071,1.0424
APEX1,0.2647,0.1219,1.1179
APEX1,0.1741,0.1137,0.6151
APEX1,0.2179,0.1174,0.8918
APEX1,0.2029,0.0829,1.2919
APEX1,0.2234,0.1714,0.3826
APEX1,0.1717,0.1209,0.5065
APEX1,0.1550,0.0983,0.6578
APEX1,0.0687,0.0290,1.2469
APEX1,0.1301,0.0969,0.4252
APEX1,0.1570,0.1005,0.6431
APEX1,0.2478,0.1168,1.0848
APEX1,0.2246,0.1166,0.9462
APEX1,0.1820,0.1226,0.5694
APEX1,0.2585,0.1683,0.6191
APEX1,0.1254,0.0941,0.4144
APEX1,0.3904,0.2040,0.9365
APEX1,0.2024,0.1209,0.7436
APEX1,0.2188,0.1295,0.7565
APEX1,0.0343,0.0610,-0.8321
APEX1,0.0817,0.0538,0.6018
APEX1,0.2481,0.0910,1.4475
APEX1,0.1326,0.0558,1.2479
APEX1,0.1551,0.0561,1.4682
APEX1,0.2527,0.0942,1.4243
APEX1,0.3884,0.1446,1.4255
APEX1,0.1661,0.0797,1.0592
APEX1,0.2986,0.1016,1.5549
APEX1,0.3553,0.1440,1.3033
APEX1,0.3003,0.1071,1.4873
APEX1,0.2779,0.1028,1.4352
APEX1,0.2541,0.1772,0.5201
APEX1,0.2726,0.1292,1.0777
APEX1,0.2940,0.0996,1.5614
APEX1,0.1478,0.0663,1.1568
APEX1,0.3131,0.0814,1.9440
APEX1,0.2623,0.0884,1.5701
APEX1,0.3078,0.1046,1.5571
APEX1,0.3092,0.1290,1.2617
APEX1,0.2166,0.0744,1.5417
APEX1,0.2862,0.0939,1.6082
APEX1,0.1720,0.0849,1.0188
APEX1,0.3159,0.1159,1.4465
APEX1,0.1488,0.0669,1.1540
APEX1,0.2780,0.0810,1.7786
APEX1,0.1744,0.0804,1.1167
APEX1,0.1976,0.0719,1.4587
APEX1,0.2167,0.0948,1.1921
APEX1,0.2272,0.0863,1.3966
APEX1,0.1816,0.0981,0.8884
APEX1,0.1719,0.0725,1.2465
APEX1,0.1562,0.0677,1.2064
APEX1,0.3244,0.1192,1.4438
APEX1,0.2766,0.1144,1.2733
APEX1,0.2812,0.1157,1.2818
APEX1,0.1928,0.0682,1.5005
APEX1,0.2044,0.0881,1.2133
APEX1,0.1474,0.0707,1.0596
APEX1,0.3061,0.1371,1.1589
APEX1,0.2528,0.0905,1.4822
APEX1,0.2626,0.1036,1.3427
APEX1,0.1624,0.0692,1.2315
APEX1,0.2933,0.1125,1.3829
APEX1,0.2244,0.0878,1.3545
APEX1,0.2737,0.0864,1.6625
APEX1,0.2447,0.0874,1.4847
APEX1,0.2752,0.1156,1.2511
APEX1,0.2185,0.0748,1.5459
APEX1,0.2066,0.1176,0.8129
APEX1,0.1397,0.0660,1.0829
APEX1,0.1986,0.0983,1.0149
APEX1,0.2269,0.0818,1.4713
APEX1,0.3192,0.1132,1.4961
APEX1,0.3093,0.1428,1.1149
APEX1,0.3204,0.1181,1.4403
APEX1,0.3149,0.1099,1.5184
APEX1,0.2470,0.0816,1.5988
APEX1,0.3275,0.1578,1.0533
APEX1,0.2378,0.0849,1.4858
APEX1,0.2610,0.0938,1.4763
APEX1,0.2846,0.1092,1.3822
APEX1,0.1962,0.1160,0.7584
APEX1,0.2952,0.1337,1.1430
APEX1,0.2629,0.0766,1.7793
APEX1,0.2887,0.1186,1.2834
APEX1,0.2772,0.1319,1.0716
APEX1,0.3054,0.1303,1.2283
APEX1,0.2870,0.1300,1.1421
APEX1,0.2540,0.1057,1.2646
APEX1,0.1938,0.1060,0.8705
APEX1,0.2644,0.1835,0.5267
APEX1,0.3212,0.1289,1.3170
APEX1,0.2179,0.0973,1.1626
APEX1,0.2455,0.0928,1.4032
APEX1,0.2699,0.1179,1.1952
APEX1,0.3101,0.1279,1.2775
APEX1,0.2487,0.1669,0.5750
APEX1,0.1865,0.0989,0.9159
APEX1,0.2381,0.1305,0.8672
APEX1,0.2642,0.1273,1.0537
APEX1,0.3013,0.1234,1.2883
APEX1,0.2885,0.1243,1.2153
APEX1,0.2827,0.1073,1.3971
APEX1,0.2359,0.1041,1.1801
APEX1,0.3403,0.1109,1.6180
APEX1,0.2329,0.1088,1.0976
APEX1,0.3072,0.1199,1.3578
APEX1,0.2838,0.1084,1.3893
APEX1,0.2216,0.0887,1.3206
APEX1,0.2936,0.1713,0.7771
APEX1,0.2612,0.1142,1.1938
APEX1,0.0388,0.0390,-0.0067
APEX1,0.3181,0.1270,1.3250
APEX1,0.2356,0.1574,0.5824
APEX1,0.2278,0.1068,1.0927
APEX1,0.2581,0.0975,1.4050
APEX1,0.2045,0.0929,1.1376
APEX1,0.2561,0.1229,1.0590
APEX1,0.2868,0.0953,1.5890
APEX1,0.3233,0.1316,1.2965
APEX1,0.2150,0.1015,1.0829
APEX1,0.2164,0.0884,1.2920
APEX1,0.2705,0.1245,1.1200
APEX1,0.3587,0.1244,1.5283
APEX1,0.1844,0.0787,1.2285
APEX1,0.1683,0.0784,1.1014
APEX1,0.2280,0.1239,0.8801
APEX1,0.3878,0.1712,1.1791
APEX1,0.1551,0.0941,0.7211
APEX1,0.2936,0.1214,1.2736
APEX1,0.1326,0.1142,0.2153
APEX1,0.1993,0.0838,1.2493
APEX1,0.1694,0.1575,0.1051
APEX1,0.2457,0.0950,1.3708
APEX1,0.1829,0.0793,1.2067
APEX1,0.1839,0.0824,1.1582
APEX1,0.2235,0.0991,1.1739
APEX1,0.1867,0.1008,0.8892
APEX1,0.2877,0.1308,1.1370
APEX1,0.1799,0.0817,1.1393
APEX1,0.2144,0.0966,1.1505
APEX1,0.3380,0.1517,1.1561
APEX1,0.2790,0.1019,1.4528
APEX1,0.3180,0.1083,1.5544
APEX1,0.2146,0.0877,1.2917
APEX1,0.2167,0.0853,1.3458
APEX1,0.2681,0.1063,1.3353
APEX1,0.2181,0.0778,1.4878
APEX1,0.2533,0.1191,1.0892
APEX1,0.2753,0.0945,1.5428
APEX1,0.1962,0.0774,1.3419
APEX1,0.3070,0.1624,0.9187
APEX1,0.2684,0.0938,1.5166
APEX1,0.1963,0.0818,1.2624
APEX1,0.1069,0.0727,0.5552
APEX1,0.2228,0.0820,1.4418
APEX1,0.1763,0.0708,1.3158
APEX1,0.2075,0.0927,1.1628
APEX1,0.1910,0.0809,1.2392
APEX1,0.4348,0.1374,1.6623
APEX1,0.3276,0.1473,1.1534
APEX1,0.1950,0.0675,1.5302
APEX1,0.1700,0.0752,1.1778
APEX1,0.3052,0.1049,1.5410
APEX1,0.2892,0.1153,1.3263
APEX1,0.2855,0.0928,1.6209
APEX1,0.1826,0.0947,0.9467
APEX1,0.1894,0.0771,1.2966
APEX1,0.3173,0.1412,1.1683
APEX1,0.2542,0.1058,1.2651
APEX1,0.2906,0.1095,1.4085
APEX1,0.2866,0.1105,1.3752
APEX1,0.1605,0.0739,1.1182
APEX1,0.1819,0.0671,1.4395
APEX1,0.1982,0.1003,0.9830
APEX1,0.2509,0.0998,1.3300
APEX1,0.3347,0.1201,1.4783
APEX1,0.3525,0.1274,1.4684
APEX1,0.2295,0.1010,1.1843
APEX1,0.2630,0.0833,1.6592
APEX1,0.1857,0.0664,1.4835
APEX1,0.3113,0.0900,1.7895
APEX1,0.2145,0.0845,1.3435
APEX1,0.1867,0.0676,1.4660
APEX1,0.2039,0.0952,1.0979
APEX1,0.2756,0.0863,1.6747
APEX1,0.2017,0.0867,1.2184
APEX1,0.2916,0.1070,1.4463
APEX1,0.1949,0.0648,1.5897
APEX1,0.3168,0.1071,1.5640
APEX1,0.2499,0.0808,1.6292
APEX1,0.3220,0.1122,1.5207
APEX1,0.2084,0.1151,0.8562
APEX1,0.2077,0.0759,1.4524
APEX1,0.2750,0.0951,1.5313
APEX1,0.2157,0.0984,1.1321
APEX1,0.2249,0.0970,1.2132
APEX1,0.2839,0.1255,1.1777
APEX1,0.3976,0.1087,1.8714
APEX1,0.2487,0.1117,1.1547
APEX1,0.2336,0.0782,1.5792
APEX1,0.2831,0.1047,1.4347
APEX1,0.2885,0.1292,1.1597
APEX1,0.2006,0.0716,1.4862
APEX1,0.2459,0.0915,1.4262
APEX1,0.2277,0.0806,1.4984
APEX1,0.2039,0.0855,1.2541
APEX1,0.2096,0.0884,1.2447
APEX1,0.1621,0.0796,1.0266
APEX1,0.2706,0.0889,1.6060
APEX1,0.2252,0.0848,1.4090
APEX1,0.2432,0.0852,1.5132
APEX1,0.2936,0.1010,1.5402
APEX1,0.2310,0.0807,1.5167
APEX1,0.2127,0.0984,1.1118
APEX1,0.2836,0.1030,1.4609
APEX1,0.3147,0.1010,1.6397
APEX1,0.1751,0.0905,0.9529
APEX1,0.2532,0.0931,1.4427
APEX1,0.3122,0.1198,1.3817
APEX1,0.2412,0.0828,1.5430
APEX1,0.2481,0.0979,1.3417
APEX1,0.2722,0.1073,1.3432
APEX1,0.2302,0.0936,1.2990
APEX1,0.2368,0.0983,1.2677
APEX1,0.2231,0.0997,1.1617
APEX1,0.2960,0.1016,1.5429
APEX1,0.1586,0.0955,0.7325
APEX1,0.3336,0.2434,0.4550
APEX1,0.2596,0.1158,1.1649
APEX1,0.2723,0.1071,1.3465
APEX1,0.2003,0.0859,1.2207
APEX1,0.2980,0.1211,1.2999
APEX1,0.3084,0.0940,1.7135
APEX1,0.3248,0.1225,1.4064
APEX1,0.2497,0.1010,1.3053
APEX1,0.3257,0.1151,1.5011
APEX1,0.2996,0.1220,1.2963
APEX1,0.2136,0.0936,1.1913
APEX1,0.3079,0.1125,1.4525
APEX1,0.2473,0.0868,1.5106
APEX1,0.2581,0.0889,1.5379
APEX1,0.2743,0.0981,1.4834
APEX1,0.2622,0.1110,1.2408
APEX1,0.2610,0.1154,1.1778
APEX1,0.2622,0.1214,1.1114
APEX1,0.2841,0.1042,1.4472
APEX1,0.2532,0.0749,1.7568
APEX1,0.2451,0.0896,1.4511
APEX1,0.2704,0.1065,1.3442
APEX1,0.2828,0.1104,1.3568
APEX1,0.2974,0.1267,1.2310
APEX1,0.2009,0.0765,1.3924
APEX1,0.3446,0.1736,0.9895
APEX1,0.2941,0.1265,1.2179
APEX1,0.2166,0.0778,1.4768
APEX1,0.3230,0.2336,0.4677
APEX1,0.2453,0.0663,1.8871
APEX1,0.2615,0.0873,1.5828
APEX1,0.0401,0.0924,-1.2038
APEX1,0.2264,0.0596,1.9256
APEX1,0.4567,0.1373,1.7341
APEX1,0.2161,0.0766,1.4966
APEX1,0.3075,0.1226,1.3262
APEX1,0.2173,0.0829,1.3900
APEX1,0.3279,0.1272,1.3660
APEX1,0.2891,0.1130,1.3548
APEX1,0.2821,0.0920,1.6169
APEX1,0.1851,0.0776,1.2543
APEX1,0.2505,0.0779,1.6843
APEX1,0.2335,0.0944,1.3062
APEX1,0.1998,0.0780,1.3576
APEX1,0.3593,0.1770,1.0215
APEX1,0.2665,0.0895,1.5734
APEX1,0.2231,0.0669,1.7384
APEX1,0.3958,0.1335,1.5679
APEX1,0.3965,0.1247,1.6693
APEX1,0.2278,0.0684,1.7353
APEX1,0.3531,0.1266,1.4802
APEX1,0.3604,0.1550,1.2171
APEX1,0.2336,0.0673,1.7956
APEX1,0.2544,0.1288,0.9820
APEX1,0.2870,0.0878,1.7095
APEX1,0.2617,0.1281,1.0306
APEX1,0.2830,0.1086,1.3813
APEX1,0.2317,0.1380,0.7480
APEX1,0.0388,0.0924,-1.2511
APEX1,0.2456,0.0868,1.5010
APEX1,0.3334,0.1638,1.0257
APEX1,0.2313,0.0745,1.6350
APEX1,0.2607,0.1477,0.8195
APEX1,0.3694,0.1377,1.4231
APEX1,0.2511,0.0930,1.4329
APEX1,0.2594,0.1139,1.1866
APEX1,0.0675,0.1217,-0.8493
APEX1,0.2694,0.1234,1.1259
APEX1,0.3044,0.0994,1.6145
APEX1,0.4197,0.2242,0.9046
APEX1,0.2936,0.0956,1.6191
APEX1,0.2768,0.0971,1.5109
APEX1,0.2092,0.0836,1.3227
APEX1,0.2473,0.0892,1.4707
APEX1,0.2802,0.1197,1.2273
APEX1,0.2164,0.0829,1.3836
APEX1,0.3460,0.1328,1.3815
APEX1,0.3244,0.1113,1.5428
APEX1,0.3041,0.0888,1.7758
APEX1,0.1896,0.0798,1.2476
APEX1,0.1674,0.0744,1.1691
PIM2,0.0796,0.0295,1.4314
PIM2,0.2797,0.0754,1.8906
PIM2,0.2135,0.0591,1.8540
PIM2,0.1476,0.0537,1.4597
PIM2,0.0801,0.0327,1.2919
PIM2,0.3689,0.1097,1.7495
PIM2,0.2290,0.0543,2.0752
PIM2,0.2275,0.0468,2.2803
PIM2,0.2331,0.0622,1.9057
PIM2,0.1740,0.0897,0.9557
PIM2,0.0250,0.0089,1.4899
PIM2,0.2207,0.0544,2.0201
PIM2,0.2356,0.0714,1.7217
PIM2,0.1750,0.0418,2.0657
PIM2,0.2102,0.0515,2.0303
PIM2,0.2301,0.0996,1.2083
PIM2,0.3061,0.0910,1.7505
PIM2,0.2120,0.0372,2.5099
PIM2,0.1858,0.0602,1.6266
PIM2,0.2192,0.0557,1.9752
PIM2,0.2542,0.0673,1.9171
PIM2,0.2355,0.0631,1.9000
PIM2,0.2223,0.0644,1.7882
PIM2,0.2179,0.0823,1.4040
PIM2,0.2246,0.0688,1.7072
PIM2,0.1919,0.0497,1.9485
PIM2,0.2305,0.0537,2.1017
PIM2,0.2170,0.0534,2.0224
PIM2,0.0152,0.0020,2.9589
PIM2,0.2413,0.0618,1.9659
PIM2,0.2083,0.0544,1.9376
PIM2,0.0320,0.0085,1.9086
PIM2,0.2010,0.0477,2.0748
PIM2,0.1696,0.0535,1.6658
PIM2,0.2121,0.0372,2.5095
PIM2,0.3209,0.0976,1.7179
PIM2,0.2909,0.0712,2.0308
PIM2,0.1811,0.0537,1.7551
PIM2,0.2056,0.0345,2.5775
PIM2,0.1527,0.0463,1.7229
PIM2,0.2990,0.0798,1.9056
PIM2,0.2350,0.0556,2.0792
PIM2,0.3411,0.0760,2.1663
PIM2,0.2669,0.0978,1.4479
PIM2,0.1802,0.0465,1.9556
PIM2,0.1761,0.0768,1.1977
PIM2,0.2778,0.0625,2.1521
PIM2,0.0576,0.0144,2.0052
PIM2,0.1713,0.0465,1.8812
PIM2,0.2038,0.0805,1.3401
PIM2,0.1940,0.0483,2.0073
PIM2,0.1926,0.0487,1.9844
PIM2,0.2223,0.0618,1.8469
PIM2,0.1813,0.0463,1.9699
PIM2,0.3705,0.0895,2.0491
PIM2,0.3670,0.0671,2.4508
PIM2,0.1488,0.0344,2.1120
PIM2,0.1616,0.0456,1.8273
PIM2,0.2823,0.0685,2.0423
PIM2,0.3609,0.0517,2.8034
PIM2,0.2601,0.0774,1.7491
PIM2,0.4630,0.1003,2.2062
PIM2,0.1646,0.0524,1.6520
PIM2,0.2286,0.1025,1.1574
PIM2,0.1813,0.0476,1.9287
PIM2,0.2962,0.0628,2.2379
PIM2,0.2088,0.0562,1.8947
PIM2,0.1693,0.0629,1.4271
PIM2,0.2200,0.0525,2.0669
PIM2,0.1688,0.0637,1.4049
PIM2,0.2648,0.0797,1.7324
PIM2,0.2735,0.0758,1.8503
PIM2,0.3229,0.0632,2.3528
PIM2,0.3695,0.0657,2.4923
PIM2,0.1888,0.0436,2.1150
PIM2,0.2249,0.0691,1.7029
PIM2,0.2067,0.0451,2.1950
PIM2,0.1692,0.0741,1.1908
PIM2,0.2398,0.0453,2.4031
PIM2,0.2185,0.1129,0.9522
PIM2,0.2313,0.0548,2.0772
PIM2,0.1896,0.0639,1.5687
PIM2,0.2403,0.0407,2.5609
PIM2,0.2275,0.0509,2.1596
PIM2,0.2213,0.0542,2.0308
PIM2,0.1642,0.0590,1.4773
PIM2,0.2822,0.0485,2.5398
PIM2,0.2914,0.0489,2.5761
PIM2,0.1824,0.0500,1.8665
PIM2,0.2120,0.0416,2.3495
PIM2,0.1867,0.0465,2.0044
PIM2,0.3274,0.0572,2.5159
PIM2,0.2292,0.0479,2.2571
PIM2,0.2617,0.0448,2.5463
PIM2,0.2727,0.0661,2.0446
PIM2,0.2713,0.0482,2.4940
PIM2,0.2048,0.0433,2.2409
PIM2,0.2021,0.0620,1.7042
PIM2,0.2314,0.0772,1.5838
PIM2,0.3644,0.0751,2.2778
PIM2,0.4176,0.1354,1.6248
PIM2,0.2541,0.0581,2.1287
PIM2,0.2079,0.0405,2.3594
PIM2,0.2122,0.0423,2.3256
PIM2,0.2533,0.0569,2.1535
PIM2,0.1492,0.0276,2.4324
PIM2,0.2189,0.0414,2.4036
PIM2,0.1747,0.0938,0.8976
PIM2,0.2240,0.0590,1.9261
PIM2,0.2030,0.0435,2.2229
PIM2,0.0255,0.0057,2.1660
PIM2,0.2377,0.0500,2.2477
PIM2,0.2336,0.0566,2.0450
PIM2,0.2495,0.0951,1.3914
PIM2,0.0972,0.0210,2.2096
PIM2,0.2399,0.0635,1.9166
PIM2,0.2151,0.0607,1.8250
PIM2,0.2577,0.0658,1.9698
PIM2,0.2339,0.0798,1.5520
PIM2,0.3292,0.1486,1.1470
PIM2,0.3789,0.1376,1.4616
PIM2,0.2227,0.0757,1.5558
PIM2,0.2390,0.0544,2.1357
PIM2,0.0442,0.0359,0.2986
PIM2,0.1688,0.0320,2.4001
PIM2,0.2843,0.0919,1.6291
PIM2,0.1675,0.0309,2.4396
PIM2,0.2242,0.0549,2.0304
PIM2,0.2032,0.0776,1.3887
PIM2,0.2337,0.0597,1.9677
PIM2,0.2940,0.0920,1.6760
PIM2,0.3569,0.1068,1.7411
PIM2,0.3335,0.1096,1.6055
PIM2,0.2162,0.0715,1.5958
PIM2,0.2443,0.0601,2.0225
PIM2,0.2812,0.0820,1.7781
PIM2,0.2614,0.0840,1.6370
PIM2,0.2284,0.0638,1.8396
PIM2,0.2631,0.0915,1.5229
PIM2,0.3221,0.1167,1.4649
PIM2,0.2084,0.0465,2.1653
PIM2,0.3943,0.1555,1.3426
PIM2,0.2262,0.0594,1.9301
PIM2,0.2733,0.0797,1.7767
PIM2,0.3993,0.1431,1.4808
PIM2,0.3119,0.0761,2.0344
PIM2,0.1719,0.0461,1.9000
PIM2,0.2721,0.0815,1.7398
PIM2,0.3141,0.1345,1.2239
PIM2,0.2325,0.0581,2.0014
PIM2,0.0353,0.0284,0.3112
PIM2,0.2306,0.0614,1.9085
PIM2,0.3159,0.0985,1.6804
PIM2,0.2016,0.0508,1.9901
PIM2,0.3220,0.1147,1.4891
PIM2,0.3985,0.1404,1.5046
PIM2,0.2754,0.0869,1.6641
PIM2,0.2251,0.0581,1.9532
PIM2,0.1804,0.0465,1.9557
PIM2,0.2418,0.0710,1.7680
PIM2,0.0199,0.0107,0.8995
PIM2,0.4395,0.1001,2.1349
PIM2,0.2201,0.0465,2.2438
PIM2,0.1508,0.0453,1.7360
PIM2,0.0195,0.0082,1.2554
PIM2,0.1183,0.0273,2.1156
PIM2,0.3794,0.0820,2.2104
PIM2,0.3583,0.0812,2.1407
PIM2,0.2655,0.1082,1.2947
PIM2,0.2022,0.0475,2.0889
PIM2,0.2848,0.0539,2.4016
PIM2,0.5271,0.1676,1.6527
PIM2,0.0150,0.0032,2.2305
PIM2,0.1551,0.0487,1.6725
PIM2,0.2368,0.0452,2.3892
PIM2,0.2127,0.0737,1.5293
PIM2,0.2350,0.1130,1.0556
PIM2,0.1695,0.0372,2.1872
PIM2,0.2790,0.0891,1.6461
PIM2,0.1661,0.0490,1.7617
PIM2,0.2093,0.0529,1.9841
PIM2,0.2412,0.0496,2.2833
PIM2,0.0210,0.0142,0.5639
PIM2,0.3682,0.1075,1.7757
PIM2,0.2815,0.1055,1.4157
PIM2,0.1093,0.0252,2.1188
PIM2,0.4137,0.0878,2.2361
PIM2,0.2656,0.0600,2.1460
PIM2,0.2476,0.0532,2.2191
PIM2,0.2487,0.0610,2.0284
PIM2,0.2667,0.1172,1.1860
PIM2,0.2178,0.0500,2.1228
PIM2,0.2504,0.0482,2.3760
PIM2,0.2426,0.0613,1.9852
PIM2,0.2783,0.0557,2.3216
PIM2,0.2393,0.0563,2.0865
PIM2,0.2121,0.1099,0.9490
PIM2,0.1675,0.0507,1.7240
PIM2,0.1860,0.0557,1.7386
PIM2,0.2179,0.1046,1.0581
PIM2,0.0188,0.0068,1.4744
PIM2,0.0953,0.0335,1.5072
PIM2,0.2292,0.0459,2.3214
PIM2,0.2242,0.0782,1.5192
PIM2,0.2821,0.0549,2.3604
PIM2,0.2246,0.0405,2.4724
PIM2,0.2375,0.0506,2.2312
PIM2,0.1995,0.0462,2.1109
PIM2,0.0195,0.0089,1.1351
PIM2,0.2485,0.0487,2.3517
PIM2,0.4248,0.0876,2.2779
PIM2,0.1815,0.0545,1.7356
PIM2,0.2470,0.0984,1.3274
PIM2,0.3688,0.0831,2.1499
PIM2,0.1497,0.0462,1.6980
PIM2,0.0158,0.0068,1.2229
PIM2,0.2287,0.0904,1.3391
PIM2,0.2457,0.0590,2.0581
PIM2,0.2338,0.0999,1.2273
PIM2,0.3219,0.1260,1.3534
PIM2,0.1503,0.0481,1.6445
PIM2,0.2451,0.0488,2.3283
PIM2,0.2749,0.0533,2.3681
PIM2,0.0173,0.0064,1.4322
PIM2,0.2039,0.1232,0.7271
PIM2,0.2384,0.0503,2.2435
PIM2,0.0180,0.0114,0.6635
PIM2,0.1928,0.0715,1.4316
PIM2,0.1309,0.0392,1.7398
PIM2,0.2251,0.1079,1.0603
PIM2,0.0203,0.0101,1.0005
PIM2,0.2920,0.0645,2.1786
PIM2,0.2197,0.0545,2.0108
PIM2,0.0233,0.0203,0.1998
PIM2,0.0206,0.0132,0.6504
PIM2,0.2179,0.0427,2.3503
PIM2,0.2482,0.0460,2.4317
PIM2,0.2299,0.0509,2.1758
PIM2,0.2041,0.0525,1.9577
PIM2,0.2350,0.0500,2.2317
PIM2,0.2492,0.0531,2.2307
PIM2,0.2221,0.0848,1.3887
PIM2,0.1891,0.0582,1.6985
PIM2,0.2298,0.0568,2.0164
PIM2,0.2284,0.0506,2.1747
PIM2,0.1857,0.0494,1.9107
PIM2,0.2368,0.0556,2.0917
PIM2,0.2083,0.0826,1.3336
PIM2,0.1287,0.0383,1.7467
PIM2,0.2448,0.0631,1.9548
PIM2,0.2570,0.0543,2.2419
PIM2,0.2063,0.1019,1.0168
PIM2,0.2491,0.0482,2.3701
PIM2,0.3031,0.1037,1.5469
PIM2,0.2884,0.1144,1.3341
PIM2,0.2461,0.0690,1.8354
PIM2,0.4239,0.0912,2.2160
PIM2,0.2466,0.0578,2.0943
PIM2,0.1923,0.0945,1.0247
PIM2,0.3243,0.0789,2.0384
PIM2,0.2241,0.0592,1.9212
PIM2,0.3574,0.1025,1.8013
PIM2,0.2542,0.0643,1.9821
PIM2,0.2514,0.0548,2.1973
PIM2,0.2652,0.1267,1.0661
PIM2,0.2321,0.0626,1.8895
PIM2,0.2232,0.0562,1.9890
PIM2,0.2160,0.0479,2.1742
PIM2,0.1266,0.0605,1.0664
PIM2,0.0163,0.0046,1.8155
PIM2,0.2302,0.0577,1.9959
PIM2,0.0180,0.0087,1.0586
PIM2,0.3465,0.2385,0.5389
PIM2,0.0823,0.0419,0.9750
PIM2,0.1998,0.0454,2.1382
PIM2,0.1939,0.0566,1.7772
PIM2,0.0146,0.0030,2.2765
PIM2,0.0208,0.0111,0.8990
PIM2,0.0188,0.0092,1.0219
PIM2,0.3128,0.1041,1.5872
PIM2,0.0218,0.0140,0.6327
PIM2,0.3978,0.0887,2.1651
PIM2,0.2886,0.0585,2.3020
PIM2,0.0210,0.0132,0.6764
PIM2,0.2477,0.0585,2.0813
PIM2,0.2968,0.0547,2.4411
PIM2,0.0173,0.0071,1.2801
PIM2,0.1820,0.0493,1.8845
PIM2,0.2023,0.0510,1.9865
PIM2,0.2521,0.0573,2.1385
PIM2,0.2461,0.0757,1.7006
PIM2,0.2557,0.0709,1.8511
PIM2,0.2848,0.0517,2.4629
PIM2,0.2622,0.0889,1.5600
PIM2,0.3082,0.0746,2.0464
PIM2,0.1304,0.0684,0.9316
PIM2,0.1683,0.0528,1.6731
PIM2,0.2447,0.0596,2.0367
PIM2,0.0210,0.0110,0.9317
PIM2,0.2854,0.0655,2.1246
PIM2,0.2705,0.1251,1.1121
PIM2,0.3038,0.1191,1.3507
PIM2,0.2267,0.0680,1.7377
PIM2,0.2328,0.0476,2.2906
PIM2,0.2950,0.0538,2.4557
PIM2,0.2037,0.0340,2.5838
PIM2,0.2728,0.0570,2.2577
PIM2,0.2954,0.0733,2.0112
PIM2,0.1919,0.0584,1.7170
PIM2,0.2717,0.0424,2.6788
PIM2,0.2318,0.0799,1.5358
PIM2,0.2005,0.0489,2.0349
PIM2,0.2883,0.0515,2.4851
PIM2,0.2013,0.0519,1.9553
PIM2,0.1739,0.0534,1.7044
PIM2,0.2762,0.0590,2.2271
PIM2,0.2879,0.1186,1.2794
PIM2,0.2764,0.0441,2.6487
PIM2,0.1937,0.0465,2.0589
PIM2,0.2946,0.1063,1.4712
PIM2,0.1163,0.0496,1.2311
PIM2,0.2384,0.0867,1.4597
PIM2,0.2236,0.0657,1.7678
PIM2,0.3228,0.1196,1.4329
PIM2,0.2660,0.0972,1.4525
PIM2,0.2174,0.0641,1.7610
PIM2,0.2515,0.0791,1.6691
PIM2,0.2728,0.0609,2.1631
PIM2,0.2672,0.0875,1.6106
PIM2,0.1917,0.0544,1.8181
PIM2,0.1674,0.0515,1.7011
PIM2,0.2537,0.0789,1.6854
PIM2,0.0216,0.0146,0.5665
PIM2,0.2626,0.0835,1.6521
PIM2,0.2383,0.0825,1.5313
PIM2,0.2764,0.0810,1.7714
PIM2,0.1569,0.0457,1.7791
PIM2,0.1772,0.0522,1.7638
PIM2,0.0150,0.0043,1.8155
PIM2,0.2502,0.0661,1.9195
PIM2,0.2690,0.0679,1.9857
PIM2,0.1712,0.0577,1.5683
PIM2,0.0161,0.0045,1.8324
PIM2,0.1714,0.0480,1.8370
PIM2,0.1745,0.0420,2.0533
PIM2,0.1910,0.0560,1.7699
PIM2,0.2003,0.0459,2.1247
PIM2,0.1661,0.0562,1.5632
PIM2,0.1358,0.0392,1.7922
PIM2,0.1705,0.0415,2.0388
PIM2,0.2650,0.0796,1.7358
PIM2,0.2059,0.0525,1.9707
PIM2,0.3027,0.0970,1.6412
PIM2,0.2857,0.1055,1.4378
PIM2,0.2755,0.0614,2.1648
PIM2,0.1478,0.0567,1.3813
PIM2,0.1947,0.0460,2.0826
PIM2,0.0167,0.0052,1.6963
PIM2,0.1343,0.0408,1.7190
PIM2,0.1631,0.0392,2.0588
PIM2,0.1438,0.0348,2.0470
PIM2,0.1753,0.0512,1.7763
PIM2,0.1534,0.0457,1.7486
PIM2,0.0450,0.0156,1.5260
PIM2,0.2398,0.0580,2.0472
PIM2,0.0818,0.0334,1.2935
PIM2,0.2831,0.0496,2.5133
PIM2,0.0986,0.0243,2.0205
PIM2,0.1762,0.0322,2.4533
PIM2,0.0567,0.0141,2.0067
PIM2,0.2435,0.0622,1.9693
PIM2,0.1362,0.0554,1.2995
PIM2,0.3059,0.0811,1.9146
PIM2,0.3031,0.0903,1.7479
PIM2,0.2110,0.0429,2.2978
PIM2,0.2788,0.0885,1.6558
PIM2,0.0398,0.0584,-0.5529
PIM2,0.2653,0.0877,1.5966
PIM2,0.1985,0.0389,2.3500
PIM2,0.1047,0.0223,2.2307
PIM2,0.2249,0.0605,1.8935
PIM2,0.2028,0.0593,1.7726
PIM2,0.2008,0.0507,1.9853
PIM2,0.2878,0.0765,1.9112
PIM2,0.2841,0.0925,1.6189
PIM2,0.2917,0.0545,2.4203
PIM2,0.2782,0.0938,1.5681
PIM2,0.2417,0.0733,1.7225
PIM2,0.3061,0.0640,2.2576
PIM2,0.0176,0.0103,0.7751
PIM2,0.0744,0.0369,1.0119
PIM2,0.2789,0.0807,1.7884
PIM2,0.4497,0.0956,2.2344
PIM2,0.3157,0.0985,1.6805
PIM2,0.0661,0.0435,0.6022
PIM2,0.2857,0.0541,2.4008
PIM2,0.2220,0.0486,2.1900
PIM2,0.1538,0.0315,2.2884
PIM2,0.2438,0.0614,1.9886
PIM2,0.2209,0.0523,2.0782
PIM2,0.2632,0.0491,2.4229
PIM2,0.1426,0.0314,2.1854
PIM2,0.4313,0.1155,1.9010
PIM2,0.4038,0.0856,2.2374
PIM2,0.1485,0.0413,1.8454
PIM2,0.2502,0.0570,2.1349
PIM2,0.2134,0.0892,1.2589
PIM2,0.2568,0.0997,1.3652
PIM2,0.3702,0.1300,1.5100
PIM2,0.1980,0.0449,2.1401
PIM2,0.2271,0.0556,2.0293
PIM2,0.2469,0.0542,2.1886
PIM2,0.4037,0.1225,1.7205
PIM2,0.2227,0.0551,2.0144
PIM2,0.2601,0.0749,1.7964
PIM2,0.4955,0.1694,1.5490
PIM2,0.3350,0.1267,1.4024
PIM2,0.2624,0.0648,2.0186
PIM2,0.3080,0.0970,1.6672
PIM2,0.1914,0.0451,2.0842
PIM2,0.0426,0.0415,0.0344
PIM2,0.2655,0.0772,1.7823
PIM2,0.2927,0.1215,1.2683
PIM2,0.2744,0.0630,2.1227
PIM2,0.2814,0.0509,2.4684
PIM2,0.0224,0.0152,0.5641
PIM2,0.2559,0.0675,1.9233
PIM2,0.3873,0.0964,2.0060
PIM2,0.3322,0.0726,2.1937
PIM2,0.2255,0.0552,2.0307
PIM2,0.3016,0.0925,1.7046
PIM2,0.4456,0.1267,1.8143
PIM2,0.3179,0.0809,1.9737
PIM2,0.2746,0.1131,1.2801
PIM2,0.2410,0.0602,2.0007
PIM2,0.3728,0.2126,0.8102
PIM2,0.2051,0.0519,1.9823
PIM2,0.3116,0.0714,2.1261
PIM2,0.2427,0.0571,2.0874
PIM2,0.3015,0.0666,2.1775
PIM2,0.2627,0.0838,1.6492
PIM2,0.2275,0.0616,1.8844
PIM2,0.2667,0.0578,2.2056
PIM2,0.2990,0.0745,2.0047
PIM2,0.2620,0.0501,2.3880
PIM2,0.2636,0.0632,2.0610
PIM2,0.2396,0.0756,1.6636
PIM2,0.3265,0.0686,2.2509
PIM2,0.2622,0.0573,2.1945
PIM2,0.2120,0.0446,2.2489
PIM2,0.4087,0.0897,2.1876
PIM2,0.2779,0.0711,1.9673
PIM2,0.3019,0.0800,1.9157
PIM2,0.2200,0.0463,2.2484
PIM2,0.2407,0.0567,2.0854
PIM2,0.3155,0.0548,2.5261
PIM2,0.2675,0.0502,2.4129
PIM2,0.3131,0.0652,2.2639
PIM2,0.3121,0.0606,2.3634
PIM2,0.2520,0.0546,2.2066
PIM2,0.2340,0.0522,2.1652
PIM2,0.2764,0.0522,2.4035
PIM2,0.2815,0.0603,2.2228
PIM2,0.2435,0.0569,2.0962
PIM2,0.2555,0.0456,2.4875
PIM2,0.2539,0.0516,2.2993
PIM2,0.2698,0.0541,2.3192
PIM2,0.1919,0.0363,2.4023
PIM2,0.3091,0.0566,2.4501
PIM2,0.2670,0.0583,2.1956
PIM2,0.2644,0.0703,1.9105
PIM2,0.2339,0.0526,2.1526
PIM2,0.2074,0.0500,2.0536
PIM2,0.3488,0.0751,2.2150
PIM2,0.2365,0.0615,1.9433
PIM2,0.2192,0.0436,2.3303
PIM2,0.3097,0.0686,2.1737
PIM2,0.1989,0.0526,1.9184
PIM2,0.3176,0.0662,2.2617
PIM2,0.2827,0.0578,2.2890
PIM2,0.2988,0.0562,2.4105
PIM2,0.3031,0.0617,2.2966
PIM2,0.3025,0.0743,2.0257
PIM2,0.2708,0.0546,2.3113
PIM2,0.1928,0.0507,1.9282
PIM2,0.2751,0.0549,2.3246
PIM2,0.3584,0.1399,1.3573
PIM2,0.2354,0.0476,2.3060
PIM2,0.2589,0.0560,2.2099
PIM2,0.2317,0.0502,2.2066
PIM2,0.3591,0.0764,2.2334
PIM2,0.3560,0.0730,2.2856
PIM2,0.2978,0.0620,2.2630
PIM2,0.2062,0.0547,1.9145
PIM2,0.2738,0.0613,2.1605
PIM2,0.2414,0.0519,2.2172
PIM2,0.3582,0.0720,2.3141
PIM2,0.2258,0.0469,2.2663
PIM2,0.2423,0.0490,2.3050
PIM2,0.4138,0.1453,1.5095
PIM2,0.2662,0.0636,2.0655
PIM2,0.2974,0.0655,2.1823
PIM2,0.2820,0.0455,2.6336
PIM2,0.2235,0.0587,1.9280
PIM2,0.3452,0.0654,2.3992
PIM2,0.1767,0.0433,2.0289
PIM2,0.2296,0.0501,2.1974
PIM2,0.3427,0.0830,2.0453
PIM2,0.2625,0.0558,2.2347
PIM2,0.3444,0.0644,2.4199
PIM2,0.2196,0.0662,1.7301
PIM2,0.2505,0.0548,2.1939
PIM2,0.3621,0.0919,1.9777
PIM2,0.2496,0.0575,2.1187
PIM2,0.2486,0.0524,2.2447
PIM2,0.2651,0.0744,1.8326
PIM2,0.3261,0.0740,2.1397
PIM2,0.2158,0.0462,2.2242
PIM2,0.3077,0.0955,1.6875
PIM2,0.2494,0.0514,2.2791
PIM2,0.3165,0.0789,2.0045
PIM2,0.2596,0.0699,1.8921
PIM2,0.2042,0.0435,2.2297
PIM2,0.3052,0.0791,1.9475
PIM2,0.2496,0.0579,2.1071
PIM2,0.3822,0.0865,2.1434
PIM2,0.2297,0.0475,2.2729
PIM2,0.3597,0.0647,2.4740
PIM2,0.2420,0.0560,2.1128
PIM2,0.2336,0.0635,1.8791
PIM2,0.2573,0.0540,2.2534
PIM2,0.4396,0.0969,2.1814
PIM2,0.2941,0.0741,1.9888
PIM2,0.2419,0.0552,2.1314
PIM2,0.0886,0.0653,0.4412
PIM2,0.2188,0.0481,2.1847
PIM2,0.3344,0.0869,1.9449
PIM2,0.3149,0.0712,2.1442
PIM2,0.3058,0.0705,2.1174
PIM2,0.3497,0.0822,2.0885
PIM2,0.3849,0.0417,3.2057
PIM2,0.2463,0.0459,2.4228
PIM2,0.3066,0.0720,2.0912
PIM2,0.1806,0.0344,2.3927
PIM2,0.2515,0.0711,1.8222
PIM2,0.2763,0.0504,2.4538
PIM2,0.2434,0.0451,2.4311
PIM2,0.2758,0.0537,2.3617
PIM2,0.2415,0.0498,2.2765
PIM2,0.2091,0.0516,2.0187
PIM2,0.2116,0.0553,1.9375
PIM2,0.5021,0.0880,2.5124
PIM2,0.3081,0.0641,2.2640
PIM2,0.3086,0.0539,2.5168
PIM2,0.2158,0.0476,2.1806
PIM2,0.2811,0.0496,2.5032
PIM2,0.3419,0.0750,2.1881
PIM2,0.2980,0.0627,2.2489
PIM2,0.3240,0.0766,2.0814
PIM2,0.2128,0.0453,2.2321
PIM2,0.2521,0.0518,2.2830
PIM2,0.2496,0.0536,2.2205
PIM2,0.3560,0.0803,2.1476
PIM2,0.2146,0.0642,1.7402
PIM2,0.2109,0.0565,1.8988
PIM2,0.0194,0.0079,1.2914
PIM2,0.2482,0.0524,2.2431
PIM2,0.1474,0.0601,1.2947
PIM2,0.2869,0.0527,2.4459
PIM2,0.5230,0.1021,2.3573
PIM2,0.5134,0.1171,2.1327
PIM2,0.2718,0.0564,2.2693
PIM2,0.0157,0.0063,1.3192
PIM2,0.2132,0.0643,1.7293
PIM2,0.2998,0.0790,1.9247
PIM2,0.5025,0.1046,2.2649
PIM2,0.3969,0.0856,2.2123
PIM2,0.3163,0.0805,1.9744
PIM2,0.1867,0.0655,1.5108
PIM2,0.3072,0.0630,2.2845
PIM2,0.3159,0.0666,2.2451
PIM2,0.3644,0.0659,2.4673
PIM2,0.5314,0.1019,2.3827
PIM2,0.3035,0.0596,2.3494
PIM2,0.2712,0.0822,1.7230
PIM2,0.3426,0.0814,2.0740
PIM2,0.2936,0.0541,2.4402
PIM2,0.2724,0.0601,2.1814
PIM2,0.0157,0.0093,0.7521
PIM2,0.3551,0.0779,2.1884
PIM2,0.0176,0.0084,1.0646
PIM2,0.3023,0.1097,1.4626
PIM2,0.3343,0.0633,2.3999
PIM2,0.4367,0.1148,1.9271
PIM2,0.2187,0.0733,1.5766
PIM2,0.2760,0.0671,2.0399
PIM2,0.4261,0.1072,1.9911
PIM2,0.2503,0.0513,2.2874
PIM2,0.0148,0.0042,1.8167
PIM2,0.3662,0.1263,1.5357
PIM2,0.2752,0.0603,2.1906
PIM2,0.3667,0.0860,2.0929
PIM2,0.4848,0.0966,2.3270
PIM2,0.2671,0.0614,2.1203
PIM2,0.0130,0.0070,0.8871
PIM2,0.0616,0.0262,1.2321
PIM2,0.2709,0.0703,1.9462
PIM2,0.2510,0.0699,1.8445
PIM2,0.2471,0.0673,1.8772
PIM2,0.2261,0.0585,1.9508
PIM2,0.3030,0.0947,1.6779
PIM2,0.1817,0.0389,2.2224
PIM2,0.3467,0.0779,2.1543
PIM2,0.3131,0.1006,1.6384
PIM2,0.2017,0.0684,1.5604
PIM2,0.3315,0.0856,1.9536
PIM2,0.2417,0.0439,2.4605
PIM2,0.4334,0.0914,2.2449
PIM2,0.2425,0.0589,2.0407
PIM2,0.2379,0.0585,2.0239
PIM2,0.2489,0.0592,2.0712
PIM2,0.2154,0.0561,1.9420
PIM2,0.2440,0.0497,2.2954
PIM2,0.0185,0.0103,0.8491
PIM2,0.2014,0.0751,1.4230
PIM2,0.2140,0.0434,2.3027
PIM2,0.2331,0.0425,2.4563
PIM2,0.2649,0.0646,2.0369
PIM2,0.2601,0.0898,1.5348
PIM2,0.2639,0.0902,1.5489
PIM2,0.3381,0.0806,2.0689
PIM2,0.4009,0.0930,2.1087
PIM2,0.1845,0.0580,1.6685
PIM2,0.3304,0.0994,1.7330
PIM2,0.2216,0.0613,1.8534
PIM2,0.2860,0.0780,1.8743
PIM2,0.2882,0.1094,1.3971
PIM2,0.2278,0.0502,2.1833
PIM2,0.2902,0.0550,2.3995
PIM2,0.2256,0.0681,1.7281
PIM2,0.2463,0.0534,2.2060
PIM2,0.3516,0.0918,1.9367
PIM2,0.2594,0.0761,1.7701
PIM2,0.2559,0.0814,1.6528
PIM2,0.0370,0.0682,-0.8813
PIM2,0.3148,0.0850,1.8890
PIM2,0.2570,0.0519,2.3085
PIM2,0.2017,0.0518,1.9610
PIM2,0.3132,0.1097,1.5143
PIM2,0.3829,0.1250,1.6155
PIM2,0.2562,0.0733,1.8058
PIM2,0.2512,0.0570,2.1411
PIM2,0.2177,0.0673,1.6934
PIM2,0.2979,0.0771,1.9491
PIM2,0.2180,0.0541,2.0110
PIM2,0.4751,0.2847,0.7385
PIM2,0.2781,0.0677,2.0393
PIM2,0.2414,0.0603,2.0001
PIM2,0.2500,0.0685,1.8682
PIM2,0.3402,0.1344,1.3404
PIM2,0.2700,0.0957,1.4955
PIM2,0.2084,0.0531,1.9732
PIM2,0.2492,0.0653,1.9329
PIM2,0.3085,0.1112,1.4717
PIM2,0.2213,0.0472,2.2279
PIM2,0.3216,0.0806,1.9959
PIM2,0.2878,0.0717,2.0054
PIM2,0.2423,0.0646,1.9082
PIM2,0.4372,0.0809,2.4347
PIM2,0.2286,0.0575,1.9922
PIM2,0.1753,0.0482,1.8615
PIM2,0.3447,0.0677,2.3483
PIM2,0.2165,0.0536,2.0146
PIM2,0.1793,0.0599,1.5829
PIM2,0.2475,0.0564,2.1351
PIM2,0.3607,0.0906,1.9930
PIM2,0.1984,0.0423,2.2294
PIM2,0.2486,0.0591,2.0727
PIM2,0.2888,0.0649,2.1536
PIM2,0.4114,0.1906,1.1096
PIM2,0.2751,0.0640,2.1036
PIM2,0.2510,0.0606,2.0509
PIM2,0.2099,0.0488,2.1041
PIM2,0.1806,0.0540,1.7429
PIM2,0.3034,0.0780,1.9591
PIM2,0.2970,0.0589,2.3341
PIM2,0.2336,0.0643,1.8609
PIM2,0.2029,0.0719,1.4969
PIM2,0.2325,0.0574,2.0190
PIM2,0.2393,0.0568,2.0752
PIM2,0.2316,0.0608,1.9300
PIM2,0.2626,0.0837,1.6490
PIM2,0.1790,0.0545,1.7157
PIM2,0.2014,0.0515,1.9664
PIM2,0.2465,0.0624,1.9816
PIM2,0.2915,0.0535,2.4447
PIM2,0.2622,0.0687,1.9330
PIM2,0.3630,0.1218,1.5750
PIM2,0.0180,0.0096,0.9144
PIM2,0.1623,0.0508,1.6748
PIM2,0.2671,0.0612,2.1254
PIM2,0.3015,0.0880,1.7770
PIM2,0.2472,0.0615,2.0078
PIM2,0.2706,0.0683,1.9855
PIM2,0.3563,0.0699,2.3502
PIM2,0.1736,0.0557,1.6395
PIM2,0.1596,0.0561,1.5070
PIM2,0.2235,0.0511,2.1293
PIM2,0.3152,0.0756,2.0606
PIM2,0.3132,0.1027,1.6081
PIM2,0.0194,0.0117,0.7351
PIM2,0.2326,0.0619,1.9085
PIM2,0.2182,0.0589,1.8901
PIM2,0.2094,0.0530,1.9817
PIM2,0.3588,0.1452,1.3047
PIM2,0.2529,0.0708,1.8365
PIM2,0.1872,0.0472,1.9869
PIM2,0.1775,0.0563,1.6568
PIM2,0.1962,0.0634,1.6303
PIM2,0.0157,0.0051,1.6146
PIM2,0.3558,0.1202,1.5651
PIM2,0.1442,0.0411,1.8117
PIM2,0.2686,0.0669,2.0057
PIM2,0.2679,0.0622,2.1065
PIM2,0.1869,0.0825,1.1795
PIM2,0.2141,0.0588,1.8637
PIM2,0.2294,0.0711,1.6893
PIM2,0.3073,0.0606,2.3422
PIM2,0.1836,0.0536,1.7768
PIM2,0.1892,0.0398,2.2498
PIM2,0.0987,0.0216,2.1920
PIM2,0.0176,0.0056,1.6496
POLR2B,0.1194,0.0685,0.8018
POLR2B,0.0791,0.0769,0.0405
POLR2B,0.1733,0.1058,0.7116
POLR2B,0.0419,0.0952,-1.1823
POLR2B,0.1830,0.1247,0.5536
POLR2B,0.0706,0.0714,-0.0162
POLR2B,0.0779,0.0715,0.1241
POLR2B,0.1363,0.1028,0.4070
POLR2B,0.0260,0.0685,-1.3962
POLR2B,0.1075,0.0875,0.2970
POLR2B,0.2076,0.0930,1.1590
POLR2B,0.4038,0.1301,1.6347
POLR2B,0.2542,0.1211,1.0702
POLR2B,0.2606,0.1118,1.2215
POLR2B,0.0993,0.0815,0.2853
POLR2B,0.0816,0.0852,-0.0618
POLR2B,0.2537,0.1068,1.2481
POLR2B,0.1710,0.0878,0.9621
POLR2B,0.1007,0.0671,0.5861
POLR2B,0.0265,0.0903,-1.7699
POLR2B,0.1234,0.0894,0.4654
POLR2B,0.1955,0.1147,0.7690
POLR2B,0.0222,0.0752,-1.7628
POLR2B,0.0193,0.0696,-1.8526
POLR2B,0.0836,0.0771,0.1166
POLR2B,0.1237,0.1201,0.0428
POLR2B,0.1004,0.0737,0.4452
POLR2B,0.0726,0.0687,0.0807
POLR2B,0.0908,0.1017,-0.1633
POLR2B,0.1415,0.0907,0.6419
POLR2B,0.0299,0.0804,-1.4293
POLR2B,0.0299,0.0847,-1.5045
POLR2B,0.0125,0.0258,-1.0434
POLR2B,0.0289,0.0595,-1.0413
POLR2B,0.0294,0.0797,-1.4393
POLR2B,0.1925,0.0841,1.1938
POLR2B,0.1020,0.0776,0.3954
POLR2B,0.1004,0.0796,0.3352
POLR2B,0.1086,0.0697,0.6391
POLR2B,0.0231,0.0713,-1.6240
POLR2B,0.0231,0.0758,-1.7122
POLR2B,0.0973,0.0687,0.5014
POLR2B,0.2345,0.1092,1.1020
POLR2B,0.1019,0.0764,0.4158
POLR2B,0.0275,0.0766,-1.4802
POLR2B,0.0260,0.0819,-1.6552
POLR2B,0.0212,0.0651,-1.6189
POLR2B,0.1822,0.1081,0.7531
POLR2B,0.1122,0.0758,0.5649
POLR2B,0.2353,0.1105,1.0906
POLR2B,0.1218,0.0811,0.5875
POLR2B,0.0299,0.0920,-1.6237
POLR2B,0.1265,0.0819,0.6281
POLR2B,0.0246,0.0662,-1.4305
POLR2B,0.0315,0.0917,-1.5422
POLR2B,0.0846,0.0683,0.3078
POLR2B,0.0960,0.0734,0.3881
POLR2B,0.0299,0.0819,-1.4559
POLR2B,0.0231,0.0703,-1.6034
POLR2B,0.0212,0.0707,-1.7382
POLR2B,0.0279,0.0868,-1.6353
POLR2B,0.1275,0.0724,0.8162
POLR2B,0.1504,0.1000,0.5892
POLR2B,0.1165,0.0805,0.5331
POLR2B,0.0940,0.0792,0.2481
POLR2B,0.1775,0.0947,0.9059
POLR2B,0.0277,0.0791,-1.5144
POLR2B,0.0318,0.0918,-1.5291
POLR2B,0.0956,0.0634,0.5929
POLR2B,0.1558,0.1449,0.1047
POLR2B,0.1729,0.0841,1.0403
POLR2B,0.1570,0.0963,0.7056
POLR2B,0.0222,0.0696,-1.6509
POLR2B,0.0963,0.0849,0.1817
POLR2B,0.0299,0.0954,-1.6755
POLR2B,0.0241,0.0730,-1.5988
POLR2B,0.1339,0.0980,0.4510
POLR2B,0.0279,0.0763,-1.4498
POLR2B,0.0294,0.0920,-1.6471
POLR2B,0.1423,0.1190,0.2578
POLR2B,0.1072,0.1036,0.0493
POLR2B,0.0275,0.0842,-1.6162
POLR2B,0.1818,0.1156,0.6523
POLR2B,0.2754,0.0941,1.5498
POLR2B,0.1061,0.0733,0.5342
POLR2B,0.0857,0.0927,-0.1139
POLR2B,0.1015,0.0759,0.4195
POLR2B,0.0118,0.0351,-1.5714
POLR2B,0.0984,0.1245,-0.3389
POLR2B,0.0299,0.0845,-1.5013
POLR2B,0.1034,0.0743,0.4766
POLR2B,0.0222,0.0584,-1.3972
POLR2B,0.1012,0.0676,0.5819
POLR2B,0.3010,0.1092,1.4624
POLR2B,0.1092,0.0925,0.2392
POLR2B,0.0250,0.0629,-1.3272
POLR2B,0.1665,0.1128,0.5618
POLR2B,0.0781,0.0694,0.1711
POLR2B,0.1097,0.0665,0.7217
POLR2B,0.1603,0.0860,0.8983
POLR2B,0.1464,0.0927,0.6600
POLR2B,0.0291,0.0902,-1.6330
POLR2B,0.0116,0.0292,-1.3358
POLR2B,0.1263,0.0859,0.5553
POLR2B,0.2148,0.1105,0.9591
POLR2B,0.0363,0.0975,-1.4240
POLR2B,0.0149,0.0443,-1.5699
POLR2B,0.1171,0.1252,-0.0964
POLR2B,0.1180,0.0868,0.4429
POLR2B,0.0183,0.0359,-0.9724
POLR2B,0.1061,0.0983,0.1106
POLR2B,0.1989,0.1003,0.9882
POLR2B,0.1855,0.0992,0.9031
POLR2B,0.0328,0.0853,-1.3808
POLR2B,0.2370,0.1003,1.2401
POLR2B,0.2060,0.0981,1.0701
POLR2B,0.0995,0.0899,0.1467
POLR2B,0.0241,0.0707,-1.5537
POLR2B,0.2459,0.1295,0.9251
POLR2B,0.0265,0.0850,-1.6797
POLR2B,0.1473,0.0852,0.7898
POLR2B,0.2065,0.1093,0.9180
POLR2B,0.1492,0.1136,0.3933
POLR2B,0.1373,0.1088,0.3351
POLR2B,0.0222,0.0673,-1.6036
POLR2B,0.0279,0.0746,-1.4176
POLR2B,0.1113,0.0762,0.5470
POLR2B,0.0222,0.0707,-1.6740
POLR2B,0.1759,0.0789,1.1561
POLR2B,0.1060,0.0918,0.2074
POLR2B,0.1274,0.1002,0.3467
POLR2B,0.0116,0.0258,-1.1589
POLR2B,0.0778,0.0897,-0.2053
POLR2B,0.1029,0.1038,-0.0128
POLR2B,0.0202,0.0629,-1.6353
POLR2B,0.0260,0.0730,-1.4878
POLR2B,0.1913,0.1123,0.7687
POLR2B,0.1195,0.0854,0.4843
POLR2B,0.0260,0.0825,-1.6651
POLR2B,0.0217,0.0758,-1.8053
POLR2B,0.0716,0.0804,-0.1683
POLR2B,0.0876,0.1038,-0.2437
POLR2B,0.0246,0.0825,-1.7476
POLR2B,0.0250,0.0853,-1.7678
POLR2B,0.1186,0.0863,0.4582
POLR2B,0.0981,0.1065,-0.1185
POLR2B,0.0255,0.0920,-1.8499
POLR2B,0.0286,0.0767,-1.4241
POLR2B,0.1378,0.0729,0.9177
POLR2B,0.0183,0.0471,-1.3647
POLR2B,0.1115,0.1330,-0.2552
POLR2B,0.0289,0.0774,-1.4219
POLR2B,0.0231,0.0640,-1.4682
POLR2B,0.3163,0.1324,1.2569
POLR2B,0.0270,0.0673,-1.3198
POLR2B,0.1809,0.1167,0.6327
POLR2B,0.0250,0.0769,-1.6179
POLR2B,0.0222,0.0679,-1.6156
POLR2B,0.0270,0.0801,-1.5695
POLR2B,0.1618,0.1117,0.5346
POLR2B,0.0183,0.0505,-1.4642
POLR2B,0.0222,0.0685,-1.6275
POLR2B,0.0803,0.1099,-0.4539
POLR2B,0.0270,0.0741,-1.4573
POLR2B,0.2857,0.1129,1.3393
POLR2B,0.0241,0.0606,-1.3313
POLR2B,0.1010,0.0912,0.1483
POLR2B,0.0931,0.0848,0.1348
POLR2B,0.0308,0.0864,-1.4871
POLR2B,0.1976,0.1277,0.6295
POLR2B,0.0742,0.1003,-0.4361
POLR2B,0.0193,0.0617,-1.6797
POLR2B,0.1188,0.0693,0.7772
POLR2B,0.0294,0.0811,-1.4645
POLR2B,0.1668,0.0898,0.8942
POLR2B,0.0318,0.0954,-1.5853
POLR2B,0.0497,0.0955,-0.9409
POLR2B,0.0260,0.0954,-1.8748
POLR2B,0.1045,0.0868,0.2672
POLR2B,0.0246,0.0668,-1.4427
POLR2B,0.0281,0.0855,-1.6041
POLR2B,0.0241,0.0870,-1.8526
POLR2B,0.0231,0.0718,-1.6353
POLR2B,0.1067,0.0926,0.2043
POLR2B,0.0145,0.0393,-1.4427
POLR2B,0.0250,0.0797,-1.6696
POLR2B,0.0231,0.0920,-1.9929
POLR2B,0.0188,0.0550,-1.5496
POLR2B,0.0273,0.0913,-1.7417
POLR2B,0.0135,0.0426,-1.6609
POLR2B,0.0257,0.0776,-1.5923
POLR2B,0.0231,0.0730,-1.6577
POLR2B,0.0276,0.0789,-1.5151
POLR2B,0.0259,0.0794,-1.6145
POLR2B,0.2744,0.1312,1.0646
POLR2B,0.2290,0.1319,0.7959
POLR2B,0.1648,0.1030,0.6783
POLR2B,0.1543,0.1066,0.5339
POLR2B,0.1687,0.0965,0.8055
POLR2B,0.0328,0.0870,-1.4090
POLR2B,0.0339,0.0885,-1.3836
POLR2B,0.1768,0.1278,0.4681
POLR2B,0.0323,0.1047,-1.6973
POLR2B,0.0212,0.0572,-1.4333
POLR2B,0.1375,0.0891,0.6250
POLR2B,0.0212,0.0460,-1.1184
POLR2B,0.0289,0.0883,-1.6111
POLR2B,0.1226,0.0881,0.4769
POLR2B,0.0202,0.0696,-1.7822
POLR2B,0.0250,0.0842,-1.7487
POLR2B,0.1594,0.1218,0.3883
POLR2B,0.0303,0.0763,-1.3305
POLR2B,0.0279,0.0904,-1.6945
POLR2B,0.0270,0.0887,-1.7167
POLR2B,0.0284,0.0786,-1.4669
POLR2B,0.0236,0.0730,-1.6280
POLR2B,0.1298,0.0890,0.5449
POLR2B,0.0328,0.1010,-1.6247
POLR2B,0.1096,0.0996,0.1385
POLR2B,0.1262,0.0864,0.5466
POLR2B,0.0270,0.0850,-1.6557
POLR2B,0.0250,0.0920,-1.8774
POLR2B,0.1169,0.1385,-0.2442
POLR2B,0.1624,0.1077,0.5925
POLR2B,0.0241,0.0718,-1.5765
POLR2B,0.0974,0.0856,0.1861
POLR2B,0.1306,0.0859,0.6051
POLR2B,0.0414,0.0741,-0.8384
POLR2B,0.0173,0.0471,-1.4427
POLR2B,0.0289,0.0786,-1.4427
POLR2B,0.1498,0.1049,0.5140
POLR2B,0.0299,0.0763,-1.3536
POLR2B,0.0342,0.0926,-1.4369
POLR2B,0.0258,0.0875,-1.7642
POLR2B,0.0246,0.0825,-1.7476
POLR2B,0.1660,0.1268,0.3880
POLR2B,0.2506,0.1197,1.0654
POLR2B,0.0289,0.0909,-1.6533
POLR2B,0.1326,0.1194,0.1514
POLR2B,0.1057,0.0930,0.1838
POLR2B,0.0207,0.0623,-1.5885
POLR2B,0.1155,0.0629,0.8761
POLR2B,0.2896,0.1364,1.0861
POLR2B,0.0183,0.0415,-1.1818
POLR2B,0.0359,0.1396,-1.9581
POLR2B,0.0270,0.0819,-1.6028
POLR2B,0.1686,0.1088,0.6312
POLR2B,0.0809,0.0789,0.0365
POLR2B,0.0391,0.1046,-1.4191
POLR2B,0.0308,0.0808,-1.3902
POLR2B,0.0308,0.0763,-1.3078
POLR2B,0.0318,0.0808,-1.3458
POLR2B,0.0366,0.1010,-1.4642
POLR2B,0.0222,0.0752,-1.7628
POLR2B,0.1085,0.1290,-0.2488
POLR2B,0.1813,0.1185,0.6133
POLR2B,0.0212,0.0527,-1.3155
POLR2B,0.0229,0.0788,-1.7849
POLR2B,0.1639,0.0962,0.7685
POLR2B,0.0334,0.0962,-1.5286
POLR2B,0.1310,0.1542,-0.2352
POLR2B,0.0337,0.0819,-1.2809
POLR2B,0.0353,0.0967,-1.4520
POLR2B,0.0236,0.0763,-1.6931
POLR2B,0.0289,0.0831,-1.5229
POLR2B,0.0258,0.0642,-1.3158
POLR2B,0.0250,0.0707,-1.4971
POLR2B,0.2512,0.1190,1.0781
POLR2B,0.0270,0.0741,-1.4573
POLR2B,0.1026,0.0860,0.2556
POLR2B,0.0250,0.0696,-1.4741
POLR2B,0.0279,0.0797,-1.5121
POLR2B,0.0212,0.0584,-1.4613
POLR2B,0.0212,0.0690,-1.7034
POLR2B,0.1350,0.1078,0.3241
POLR2B,0.1181,0.0804,0.5552
POLR2B,0.0308,0.0853,-1.4682
POLR2B,0.0249,0.0839,-1.7511
POLR2B,0.0355,0.0998,-1.4914
POLR2B,0.0928,0.1023,-0.1406
POLR2B,0.1672,0.1679,-0.0063
POLR2B,0.0212,0.0707,-1.7382
POLR2B,0.0289,0.0864,-1.5802
POLR2B,0.1229,0.1023,0.2651
POLR2B,0.1554,0.1351,0.2023
POLR2B,0.4334,0.1496,1.5346
POLR2B,0.1007,0.0976,0.0454
POLR2B,0.0305,0.0920,-1.5930
POLR2B,0.1761,0.1229,0.5187
POLR2B,0.0250,0.0819,-1.7097
POLR2B,0.1794,0.1548,0.2128
POLR2B,0.1207,0.1078,0.1633
POLR2B,0.0231,0.0595,-1.3633
POLR2B,0.0231,0.0696,-1.5895
POLR2B,0.1847,0.1207,0.6136
POLR2B,0.0279,0.0819,-1.5522
POLR2B,0.0212,0.0662,-1.6435
POLR2B,0.1236,0.1088,0.1835
POLR2B,0.0231,0.0685,-1.5661
POLR2B,0.0241,0.0730,-1.5988
POLR2B,0.0295,0.0800,-1.4384
POLR2B,0.0241,0.0786,-1.7057
POLR2B,0.2267,0.1272,0.8338
POLR2B,0.1029,0.0791,0.3795
POLR2B,0.0241,0.0701,-1.5422
POLR2B,0.1444,0.1058,0.4486
POLR2B,0.0314,0.0966,-1.6197
POLR2B,0.0183,0.0617,-1.7537
POLR2B,0.0246,0.0758,-1.6247
POLR2B,0.0202,0.0696,-1.7822
POLR2B,0.1220,0.0935,0.3831
POLR2B,0.0255,0.0819,-1.6822
POLR2B,0.0202,0.0735,-1.8614
POLR2B,0.0260,0.0907,-1.8017
POLR2B,0.1846,0.0976,0.9191
POLR2B,0.0297,0.0964,-1.6966
POLR2B,0.0260,0.0741,-1.5098
POLR2B,0.1047,0.0910,0.2020
POLR2B,0.0286,0.0816,-1.5128
POLR2B,0.0257,0.0688,-1.4219
POLR2B,0.0627,0.0687,-0.1317
POLR2B,0.1835,0.1115,0.7183
POLR2B,0.1079,0.0753,0.5195
POLR2B,0.1267,0.0975,0.3772
POLR2B,0.1294,0.0877,0.5615
POLR2B,0.0241,0.0696,-1.5306
POLR2B,0.1097,0.0741,0.5653
POLR2B,0.2572,0.1194,1.1076
POLR2B,0.2185,0.1286,0.7649
POLR2B,0.1592,0.1012,0.6539
POLR2B,0.0241,0.0662,-1.4591
POLR2B,0.1613,0.1069,0.5936
POLR2B,0.1508,0.1083,0.4784
POLR2B,0.2909,0.1366,1.0910
POLR2B,0.1228,0.1395,-0.1837
POLR2B,0.0327,0.0970,-1.5695
POLR2B,0.0260,0.0831,-1.6749
POLR2B,0.1340,0.0828,0.6939
POLR2B,0.0231,0.0819,-1.8252
POLR2B,0.0254,0.0808,-1.6714
POLR2B,0.0266,0.0765,-1.5254
POLR2B,0.1279,0.0780,0.7127
POLR2B,0.0300,0.0871,-1.5395
POLR2B,0.0225,0.0777,-1.7846
POLR2B,0.0231,0.0774,-1.7439
POLR2B,0.3993,0.1187,1.7499
POLR2B,0.0260,0.0730,-1.4878
POLR2B,0.1571,0.1001,0.6493
POLR2B,0.1102,0.0970,0.1837
POLR2B,0.0998,0.0732,0.4480
POLR2B,0.0308,0.0786,-1.3496
POLR2B,0.1519,0.1016,0.5802
POLR2B,0.0226,0.0752,-1.7318
POLR2B,0.0250,0.0718,-1.5199
POLR2B,0.0241,0.0707,-1.5537
POLR2B,0.1641,0.0958,0.7764
POLR2B,0.0193,0.0640,-1.7313
POLR2B,0.1284,0.0797,0.6886
POLR2B,0.0202,0.0730,-1.8504
POLR2B,0.0252,0.0827,-1.7154
POLR2B,0.0967,0.0705,0.4569
POLR2B,0.0273,0.0788,-1.5282
POLR2B,0.0218,0.0722,-1.7253
POLR2B,0.0193,0.0595,-1.6263
POLR2B,0.0270,0.0629,-1.2203
POLR2B,0.0808,0.0603,0.4208
POLR2B,0.0290,0.0836,-1.5266
POLR2B,0.0265,0.0707,-1.4162
POLR2B,0.0267,0.0707,-1.4075
POLR2B,0.1717,0.1383,0.3119
POLR2B,0.0299,0.0808,-1.4360
POLR2B,0.1626,0.0943,0.7867
POLR2B,0.0847,0.0566,0.5810
POLR2B,0.2045,0.1078,0.9242
POLR2B,0.1855,0.1176,0.6569
POLR2B,0.0202,0.0606,-1.5829
POLR2B,0.1358,0.0867,0.6479
POLR2B,0.1540,0.0986,0.6438
POLR2B,0.1753,0.1115,0.6519
POLR2B,0.1129,0.0729,0.6317
POLR2B,0.0222,0.0707,-1.6740
POLR2B,0.0308,0.0842,-1.4491
POLR2B,0.0817,0.0568,0.5238
POLR2B,0.0925,0.0906,0.0304
POLR2B,0.0414,0.0972,-1.2315
POLR2B,0.0236,0.0539,-1.1906
POLR2B,0.0260,0.0629,-1.2728
POLR2B,0.0173,0.0337,-0.9573
POLR2B,0.0245,0.0712,-1.5387
POLR2B,0.2374,0.3151,-0.4085
POLR2B,0.1898,0.2244,-0.2417
POLR2B,0.1067,0.1009,0.0807
POLR2B,0.1815,0.1830,-0.0121
POLR2B,0.1231,0.2426,-0.9785
POLR2B,0.0220,0.1238,-2.4947
POLR2B,0.0220,0.1063,-2.2754
POLR2B,0.1625,0.2270,-0.4824
POLR2B,0.1874,0.3133,-0.7419
POLR2B,0.2044,0.1979,0.0469
POLR2B,0.0209,0.1587,-2.9236
POLR2B,0.1835,0.2400,-0.3871
POLR2B,0.0214,0.1222,-2.5109
POLR2B,0.1202,0.2072,-0.7859
POLR2B,0.0209,0.1397,-2.7392
POLR2B,0.0234,0.1598,-2.7740
POLR2B,0.1172,0.2201,-0.9084
POLR2B,0.1391,0.1783,-0.3579
POLR2B,0.0199,0.0794,-1.9976
POLR2B,0.1250,0.1568,-0.3271
POLR2B,0.0143,0.0963,-2.7519
POLR2B,0.0271,0.1728,-2.6725
POLR2B,0.1636,0.2402,-0.5543
POLR2B,0.1279,0.2185,-0.7725
POLR2B,0.1513,0.2815,-0.8956
POLR2B,0.0858,0.1504,-0.8096
POLR2B,0.1731,0.1726,0.0048
POLR2B,0.0236,0.1397,-2.5628
POLR2B,0.0216,0.1369,-2.6658
POLR2B,0.0209,0.1222,-2.5465
POLR2B,0.0258,0.1605,-2.6370
POLR2B,0.1273,0.1472,-0.2101
POLR2B,0.1341,0.1744,-0.3791
POLR2B,0.0225,0.1437,-2.6752
POLR2B,0.1551,0.1762,-0.1840
POLR2B,0.1459,0.1910,-0.3888
POLR2B,0.2422,0.2588,-0.0953
POLR2B,0.1980,0.2320,-0.2288
POLR2B,0.0209,0.0889,-2.0871
POLR2B,0.0209,0.1460,-2.8033
POLR2B,0.2277,0.1855,0.2959
POLR2B,0.0861,0.2000,-1.2155
POLR2B,0.0237,0.1513,-2.6741
POLR2B,0.0256,0.1302,-2.3445
POLR2B,0.0194,0.1381,-2.8351
POLR2B,0.1888,0.2000,-0.0830
POLR2B,0.1213,0.2117,-0.8032
POLR2B,0.1596,0.1858,-0.2193
POLR2B,0.0209,0.1333,-2.6720
POLR2B,0.0241,0.1286,-2.4179
POLR2B,0.1340,0.1726,-0.3647
POLR2B,0.0230,0.1460,-2.6658
POLR2B,0.1389,0.2364,-0.7668
POLR2B,0.0251,0.1143,-2.1866
POLR2B,0.1470,0.1637,-0.1556
POLR2B,0.1349,0.2811,-1.0592
POLR2B,0.2806,0.2901,-0.0479
POLR2B,0.1247,0.2124,-0.7677
POLR2B,0.0178,0.1206,-2.7621
POLR2B,0.1310,0.1941,-0.5675
POLR2B,0.1832,0.2143,-0.2262
POLR2B,0.1641,0.2039,-0.3132
POLR2B,0.1647,0.3042,-0.8848
POLR2B,0.0220,0.1317,-2.5844
POLR2B,0.0209,0.1429,-2.7716
POLR2B,0.1925,0.1948,-0.0168
POLR2B,0.0246,0.1698,-2.7885
POLR2B,0.1852,0.1739,0.0907
POLR2B,0.0249,0.1720,-2.7861
POLR2B,0.1474,0.2379,-0.6902
POLR2B,0.1530,0.2896,-0.9205
POLR2B,0.0188,0.1651,-3.1322
POLR2B,0.1295,0.2064,-0.6719
POLR2B,0.0220,0.1429,-2.7012
POLR2B,0.0199,0.1492,-2.9083
POLR2B,0.1264,0.2075,-0.7148
POLR2B,0.0258,0.1534,-2.5721
POLR2B,0.1558,0.2419,-0.6344
POLR2B,0.0272,0.1143,-2.0711
POLR2B,0.0214,0.1524,-2.8291
POLR2B,0.0194,0.1302,-2.7498
POLR2B,0.0281,0.1388,-2.3045
POLR2B,0.0267,0.1468,-2.4606
POLR2B,0.0258,0.1556,-2.5919
POLR2B,0.0209,0.1397,-2.7392
POLR2B,0.1760,0.1811,-0.0410
POLR2B,0.1233,0.2766,-1.1654
POLR2B,0.0230,0.1048,-2.1866
POLR2B,0.1189,0.1975,-0.7319
POLR2B,0.1486,0.2434,-0.7119
POLR2B,0.0200,0.1156,-2.5299
POLR2B,0.1392,0.2105,-0.5975
POLR2B,0.0199,0.1302,-2.7113
POLR2B,0.1667,0.1988,-0.2544
POLR2B,0.0257,0.1605,-2.6433
POLR2B,0.3338,0.2964,0.1717
POLR2B,0.0136,0.0444,-1.7086
POLR2B,0.0286,0.1850,-2.6910
POLR2B,0.0230,0.1524,-2.7272
POLR2B,0.1614,0.2784,-0.7867
POLR2B,0.0239,0.1579,-2.7226
POLR2B,0.1293,0.2100,-0.6990
POLR2B,0.1964,0.3151,-0.6822
POLR2B,0.0311,0.2049,-2.7180
POLR2B,0.0285,0.1873,-2.7142
POLR2B,0.0242,0.1831,-2.9173
POLR2B,0.1265,0.2881,-1.1877
POLR2B,0.2239,0.2931,-0.3885
POLR2B,0.1394,0.3038,-1.1238
POLR2B,0.0110,0.0238,-1.1162
POLR2B,0.0099,0.0238,-1.2606
POLR2B,0.0262,0.1619,-2.6302
POLR2B,0.3989,0.3429,0.2181
POLR2B,0.1339,0.2140,-0.6767
POLR2B,0.1635,0.2266,-0.4710
POLR2B,0.1147,0.2306,-1.0079
POLR2B,0.0220,0.1667,-2.9236
POLR2B,0.1815,0.2715,-0.5805
POLR2B,0.0234,0.1640,-2.8117
POLR2B,0.1482,0.2183,-0.5587
POLR2B,0.0220,0.1206,-2.4573
POLR2B,0.2000,0.3236,-0.6943
POLR2B,0.0251,0.1492,-2.5713
POLR2B,0.0251,0.1556,-2.6314
POLR2B,0.2160,0.2794,-0.3714
POLR2B,0.0272,0.1556,-2.5159
POLR2B,0.1460,0.2280,-0.6430
POLR2B,0.0303,0.2049,-2.7557
POLR2B,0.1966,0.2719,-0.4677
POLR2B,0.0220,0.1397,-2.6688
POLR2B,0.2023,0.3210,-0.6663
POLR2B,0.0199,0.0984,-2.3079
POLR2B,0.0241,0.1566,-2.7026
POLR2B,0.1633,0.2885,-0.8208
POLR2B,0.1377,0.2286,-0.7316
POLR2B,0.0167,0.1143,-2.7716
POLR2B,0.0303,0.1937,-2.6774
POLR2B,0.0251,0.1524,-2.6017
POLR2B,0.0333,0.2245,-2.7524
POLR2B,0.1535,0.2978,-0.9562
POLR2B,0.1296,0.2672,-1.0441
POLR2B,0.2045,0.2882,-0.4946
POLR2B,0.1995,0.2582,-0.3722
POLR2B,0.0224,0.1443,-2.6897
POLR2B,0.1275,0.2283,-0.8397
POLR2B,0.0209,0.1270,-2.6017
POLR2B,0.0235,0.1651,-2.8102
POLR2B,0.0260,0.1546,-2.5723
POLR2B,0.1476,0.1759,-0.2532
POLR2B,0.0199,0.1238,-2.6391
POLR2B,0.4302,0.3385,0.3461
POLR2B,0.1637,0.3446,-1.0736
POLR2B,0.1512,0.2795,-0.8866
POLR2B,0.1672,0.2729,-0.7065
POLR2B,0.1553,0.2181,-0.4897
POLR2B,0.0865,0.2121,-1.2938
POLR2B,0.1454,0.2058,-0.5014
POLR2B,0.0157,0.1206,-2.9427
POLR2B,0.1235,0.2183,-0.8219
POLR2B,0.1724,0.2541,-0.5598
POLR2B,0.0251,0.1524,-2.6017
POLR2B,0.2532,0.2545,-0.0072
POLR2B,0.0262,0.1270,-2.2797
POLR2B,0.0209,0.1238,-2.5651
POLR2B,0.0912,0.1940,-1.0886
POLR2B,0.1057,0.2162,-1.0321
POLR2B,0.0209,0.1492,-2.8343
POLR2B,0.0199,0.1524,-2.9387
POLR2B,0.0225,0.1222,-2.4422
POLR2B,0.0225,0.1254,-2.4792
POLR2B,0.0209,0.1397,-2.7392
POLR2B,0.0262,0.1397,-2.4172
POLR2B,0.0214,0.1508,-2.8140
POLR2B,0.0241,0.1460,-2.6017
POLR2B,0.0199,0.1016,-2.3537
POLR2B,0.0209,0.1175,-2.4892
POLR2B,0.3310,0.2752,0.2668
POLR2B,0.0214,0.1460,-2.7677
POLR2B,0.0255,0.1984,-2.9593
POLR2B,0.0167,0.1111,-2.7309
POLR2B,0.0251,0.1270,-2.3386
POLR2B,0.0115,0.0333,-1.5345
POLR2B,0.0220,0.1444,-2.7171
POLR2B,0.0180,0.1024,-2.5044
POLR2B,0.0241,0.1365,-2.5044
POLR2B,0.0206,0.1423,-2.7905
POLR2B,0.0188,0.1238,-2.7171
POLR2B,0.0244,0.1534,-2.6523
POLR2B,0.0266,0.1717,-2.6919
POLR2B,0.0255,0.1653,-2.6963
POLR2B,0.0199,0.1175,-2.5632
POLR2B,0.0235,0.1397,-2.5692
POLR2B,0.0570,0.2236,-1.9716
POLR2B,0.0230,0.1595,-2.7933
POLR2B,0.0227,0.1442,-2.6666
POLR2B,0.1252,0.2183,-0.8021
POLR2B,0.0220,0.1429,-2.7012
POLR2B,0.2237,0.2969,-0.4085
POLR2B,0.0241,0.0794,-1.7220
POLR2B,0.0188,0.1111,-2.5610
POLR2B,0.1408,0.2083,-0.5651
POLR2B,0.1872,0.2411,-0.3655
POLR2B,0.0146,0.0984,-2.7485
POLR2B,0.1823,0.2311,-0.3423
POLR2B,0.2092,0.2416,-0.2073
POLR2B,0.0220,0.1302,-2.5669
POLR2B,0.0149,0.1008,-2.7575
POLR2B,0.0194,0.1405,-2.8598
POLR2B,0.0287,0.1957,-2.7684
POLR2B,0.1823,0.2467,-0.4368
POLR2B,0.2141,0.3891,-0.8621
POLR2B,0.0199,0.1492,-2.9083
POLR2B,0.2811,0.3092,-0.1377
POLR2B,0.1203,0.1586,-0.3990
POLR2B,0.0171,0.0949,-2.4707
POLR2B,0.0241,0.1143,-2.2480
POLR2B,0.0238,0.1803,-2.9185
POLR2B,0.1882,0.2016,-0.0994
POLR2B,0.0188,0.1016,-2.4317
POLR2B,0.1712,0.2669,-0.6408
POLR2B,0.0899,0.2153,-1.2595
POLR2B,0.1596,0.2215,-0.4731
POLR2B,0.1075,0.1961,-0.8671
POLR2B,0.1707,0.1726,-0.0159
POLR2B,0.0188,0.1048,-2.4761
POLR2B,0.1391,0.2086,-0.5841
POLR2B,0.0209,0.1460,-2.8033
POLR2B,0.0199,0.1365,-2.7800
POLR2B,0.0230,0.1286,-2.4821
POLR2B,0.0227,0.1608,-2.8272
POLR2B,0.1021,0.1746,-0.7751
POLR2B,0.0188,0.1048,-2.4761
POLR2B,0.0248,0.1532,-2.6243
POLR2B,0.0220,0.1302,-2.5669
POLR2B,0.0167,0.1270,-2.9236
POLR2B,0.0209,0.1333,-2.6720
POLR2B,0.0209,0.1238,-2.5651
POLR2B,0.0276,0.1964,-2.8318
POLR2B,0.3097,0.3776,-0.2860
POLR2B,0.0192,0.1302,-2.7628
POLR2B,0.2076,0.2169,-0.0633
POLR2B,0.0209,0.1302,-2.6373
POLR2B,0.0167,0.1206,-2.8496
POLR2B,0.0199,0.0857,-2.1086
POLR2B,0.0335,0.2254,-2.7514
POLR2B,0.1644,0.2281,-0.4731
POLR2B,0.0241,0.1429,-2.5700
POLR2B,0.0227,0.1175,-2.3705
POLR2B,0.1516,0.2152,-0.5054
POLR2B,0.2990,0.2572,0.2172
POLR2B,0.0167,0.1460,-3.1252
POLR2B,0.1595,0.1876,-0.2337
POLR2B,0.1842,0.2554,-0.4713
POLR2B,0.0220,0.1492,-2.7639
POLR2B,0.0167,0.1143,-2.7716
POLR2B,0.0241,0.1571,-2.7075
POLR2B,0.0209,0.1429,-2.7716
POLR2B,0.0220,0.1492,-2.7639
POLR2B,0.1044,0.1820,-0.8025
POLR2B,0.0199,0.1492,-2.9083
POLR2B,0.0178,0.0952,-2.4211
POLR2B,0.1873,0.2749,-0.5536
POLR2B,0.1944,0.1966,-0.0163
POLR2B,0.0248,0.1681,-2.7580
POLR2B,0.1656,0.2639,-0.6727
POLR2B,0.0157,0.0819,-2.3841
POLR2B,0.1362,0.2454,-0.8496
POLR2B,0.0181,0.1048,-2.5306
POLR2B,0.0184,0.1032,-2.4845
POLR2B,0.0241,0.1238,-2.3635
POLR2B,0.0230,0.1365,-2.5685
POLR2B,0.2165,0.3589,-0.7292
POLR2B,0.0223,0.1238,-2.4720
POLR2B,0.2593,0.3886,-0.5837
POLR2B,0.0264,0.1560,-2.5638
POLR2B,0.0230,0.1238,-2.4276
POLR2B,0.0275,0.1619,-2.5553
POLR2B,0.0422,0.1310,-1.6341
SRSF1,0.0504,0.0179,1.4939
SRSF1,0.2123,0.0396,2.4228
SRSF1,0.1000,0.0157,2.6664
SRSF1,0.0284,0.0138,1.0354
SRSF1,0.2042,0.0344,2.5697
SRSF1,0.1828,0.0541,1.7563
SRSF1,0.1333,0.0405,1.7194
SRSF1,0.1510,0.0487,1.6316
SRSF1,0.2335,0.0942,1.3097
SRSF1,0.1892,0.0657,1.5264
SRSF1,0.1775,0.0612,1.5354
SRSF1,0.1837,0.0224,3.0380
SRSF1,0.3060,0.1280,1.2578
SRSF1,0.3316,0.0867,1.9358
SRSF1,0.1374,0.0539,1.3500
SRSF1,0.1495,0.0439,1.7692
SRSF1,0.1886,0.0499,1.9186
SRSF1,0.3114,0.1110,1.4880
SRSF1,0.1383,0.0529,1.3872
SRSF1,0.1213,0.0377,1.6863
SRSF1,0.2182,0.0554,1.9784
SRSF1,0.2587,0.0873,1.5669
SRSF1,0.2190,0.0922,1.2478
SRSF1,0.0275,0.0042,2.7069
SRSF1,0.3053,0.0993,1.6199
SRSF1,0.1777,0.0427,2.0589
SRSF1,0.2394,0.0503,2.2510
SRSF1,0.2206,0.0730,1.5962
SRSF1,0.2397,0.0852,1.4914
SRSF1,0.1201,0.0472,1.3474
SRSF1,0.2045,0.0293,2.8050
SRSF1,0.1361,0.0376,1.8562
SRSF1,0.1583,0.0460,1.7839
SRSF1,0.3022,0.1114,1.4400
SRSF1,0.2910,0.0708,2.0391
SRSF1,0.1438,0.0401,1.8416
SRSF1,0.1539,0.0468,1.7162
SRSF1,0.2668,0.0812,1.7170
SRSF1,0.2141,0.0277,2.9521
SRSF1,0.2272,0.0856,1.4079
SRSF1,0.0174,0.0058,1.5885
SRSF1,0.1752,0.0575,1.6067
SRSF1,0.2165,0.0527,2.0378
SRSF1,0.1378,0.0492,1.4861
SRSF1,0.1016,0.0326,1.6420
SRSF1,0.2856,0.1079,1.4043
SRSF1,0.1945,0.0805,1.2730
SRSF1,0.3176,0.0766,2.0524
SRSF1,0.1429,0.0344,2.0551
SRSF1,0.2219,0.0443,2.3250
SRSF1,0.1659,0.0285,2.5406
SRSF1,0.2186,0.0583,1.9071
SRSF1,0.1846,0.0845,1.1283
SRSF1,0.1528,0.0322,2.2445
SRSF1,0.2234,0.0487,2.1971
SRSF1,0.1185,0.0387,1.6146
SRSF1,0.1282,0.0373,1.7808
SRSF1,0.2228,0.0263,3.0801
SRSF1,0.1262,0.0375,1.7518
SRSF1,0.2128,0.0358,2.5727
SRSF1,0.2062,0.0792,1.3816
SRSF1,0.1902,0.0258,2.8843
SRSF1,0.2987,0.1199,1.3170
SRSF1,0.1512,0.0407,1.8934
SRSF1,0.2148,0.0800,1.4243
SRSF1,0.1468,0.0412,1.8333
SRSF1,0.2977,0.0884,1.7510
SRSF1,0.2081,0.0490,2.0872
SRSF1,0.2306,0.0442,2.3818
SRSF1,0.2828,0.0451,2.6494
SRSF1,0.1506,0.0331,2.1852
SRSF1,0.2099,0.0590,1.8312
SRSF1,0.1724,0.0406,2.0868
SRSF1,0.1753,0.0457,1.9403
SRSF1,0.2215,0.0443,2.3231
SRSF1,0.2793,0.0880,1.6665
SRSF1,0.2271,0.0544,2.0628
SRSF1,0.2717,0.0344,2.9809
SRSF1,0.1525,0.0595,1.3567
SRSF1,0.1490,0.0450,1.7261
SRSF1,0.2855,0.1007,1.5031
SRSF1,0.2238,0.0481,2.2195
SRSF1,0.1619,0.0405,1.9979
SRSF1,0.1554,0.0684,1.1828
SRSF1,0.0364,0.0149,1.2927
SRSF1,0.0196,0.0028,2.7936
SRSF1,0.2471,0.0308,3.0059
SRSF1,0.2472,0.0396,2.6405
SRSF1,0.3191,0.1768,0.8516
SRSF1,0.2766,0.1256,1.1392
SRSF1,0.2121,0.0653,1.6984
SRSF1,0.1581,0.0465,1.7659
SRSF1,0.1636,0.0279,2.5525
SRSF1,0.3373,0.0653,2.3678
SRSF1,0.2545,0.0471,2.4325
SRSF1,0.1675,0.0328,2.3510
SRSF1,0.2451,0.0462,2.4088
SRSF1,0.2269,0.1138,0.9963
SRSF1,0.1566,0.0477,1.7135
SRSF1,0.1998,0.0627,1.6720
SRSF1,0.2396,0.0309,2.9558
SRSF1,0.2083,0.0519,2.0057
SRSF1,0.2088,0.0303,2.7822
SRSF1,0.2047,0.0466,2.1366
SRSF1,0.2754,0.0492,2.4862
SRSF1,0.1475,0.0476,1.6319
SRSF1,0.1959,0.0556,1.8157
SRSF1,0.2036,0.0340,2.5804
SRSF1,0.2201,0.0299,2.8816
SRSF1,0.0682,0.0134,2.3515
SRSF1,0.2389,0.1106,1.1113
SRSF1,0.1844,0.0455,2.0185
SRSF1,0.1561,0.0251,2.6387
SRSF1,0.1740,0.0631,1.4625
SRSF1,0.2396,0.0589,2.0238
SRSF1,0.1634,0.0351,2.2187
SRSF1,0.1692,0.0652,1.3757
SRSF1,0.2417,0.0469,2.3640
SRSF1,0.1317,0.0599,1.1369
SRSF1,0.2362,0.0323,2.8720
SRSF1,0.2269,0.0773,1.5534
SRSF1,0.1680,0.0302,2.4748
SRSF1,0.1397,0.0649,1.1070
SRSF1,0.2485,0.0793,1.6474
SRSF1,0.2277,0.0749,1.6043
SRSF1,0.1622,0.0726,1.1595
SRSF1,0.1513,0.0579,1.3869
SRSF1,0.2783,0.1222,1.1877
SRSF1,0.2264,0.0313,2.8560
SRSF1,0.1533,0.0406,1.9169
SRSF1,0.2038,0.0439,2.2146
SRSF1,0.1770,0.0409,2.1123
SRSF1,0.0156,0.0030,2.3850
SRSF1,0.2714,0.0461,2.5561
SRSF1,0.0291,0.0060,2.2757
SRSF1,0.2952,0.1440,1.0360
SRSF1,0.1883,0.0870,1.1138
SRSF1,0.1915,0.0463,2.0482
SRSF1,0.2834,0.0995,1.5099
SRSF1,0.1869,0.0457,2.0327
SRSF1,0.1924,0.0849,1.1809
SRSF1,0.1762,0.0342,2.3646
SRSF1,0.0191,0.0044,2.1316
SRSF1,0.1443,0.0158,3.1893
SRSF1,0.2386,0.0328,2.8631
SRSF1,0.2661,0.0976,1.4470
SRSF1,0.0388,0.0069,2.4910
SRSF1,0.0553,0.0080,2.7905
SRSF1,0.1724,0.0486,1.8269
SRSF1,0.2685,0.1140,1.2354
SRSF1,0.1567,0.0180,3.1230
SRSF1,0.1619,0.0318,2.3476
SRSF1,0.2867,0.0790,1.8602
SRSF1,0.2772,0.0930,1.5751
SRSF1,0.1457,0.0334,2.1262
SRSF1,0.3826,0.0791,2.2749
SRSF1,0.3593,0.1053,1.7705
SRSF1,0.2063,0.0425,2.2783
SRSF1,0.2109,0.0696,1.6003
SRSF1,0.1595,0.0305,2.3841
SRSF1,0.1504,0.0635,1.2445
SRSF1,0.1669,0.0572,1.5460
SRSF1,0.1795,0.0340,2.4023
SRSF1,0.1090,0.0193,2.4944
SRSF1,0.1994,0.0835,1.2553
SRSF1,0.1439,0.0284,2.3400
SRSF1,0.3157,0.0652,2.2765
SRSF1,0.2488,0.1063,1.2268
SRSF1,0.0174,0.0017,3.3850
SRSF1,0.2421,0.0848,1.5139
SRSF1,0.0183,0.0039,2.2151
SRSF1,0.2044,0.0469,2.1249
SRSF1,0.1711,0.0585,1.5477
SRSF1,0.1638,0.0394,2.0571
SRSF1,0.1693,0.0621,1.4464
SRSF1,0.1929,0.0679,1.5063
SRSF1,0.2378,0.0771,1.6240
SRSF1,0.2499,0.0925,1.4341
SRSF1,0.0183,0.0070,1.3850
SRSF1,0.0160,0.0026,2.6074
SRSF1,0.2720,0.0834,1.7057
SRSF1,0.3066,0.0835,1.8761
SRSF1,0.3223,0.1102,1.5485
SRSF1,0.3026,0.1322,1.1947
SRSF1,0.2612,0.0633,2.0437
SRSF1,0.2903,0.1017,1.5132
SRSF1,0.1922,0.0484,1.9893
SRSF1,0.0226,0.0075,1.5888
SRSF1,0.2847,0.0678,2.0702
SRSF1,0.3512,0.1033,1.7655
SRSF1,0.2082,0.0524,1.9909
SRSF1,0.2261,0.0636,1.8290
SRSF1,0.2275,0.0852,1.4168
SRSF1,0.2074,0.0589,1.8155
SRSF1,0.2430,0.1045,1.2181
SRSF1,0.2802,0.0867,1.6928
SRSF1,0.2576,0.0805,1.6772
SRSF1,0.2286,0.0691,1.7266
SRSF1,0.3608,0.1186,1.6057
SRSF1,0.2134,0.0494,2.1120
SRSF1,0.3183,0.1674,0.9265
SRSF1,0.2462,0.0731,1.7520
SRSF1,0.0375,0.0113,1.7276
SRSF1,0.3119,0.0823,1.9219
SRSF1,0.3632,0.1283,1.5016
SRSF1,0.3326,0.0744,2.1602
SRSF1,0.2899,0.0954,1.6030
SRSF1,0.2531,0.0712,1.8303
SRSF1,0.2124,0.0573,1.8906
SRSF1,0.2126,0.0939,1.1782
SRSF1,0.3460,0.1260,1.4575
SRSF1,0.1087,0.0317,1.7783
SRSF1,0.1910,0.0765,1.3201
SRSF1,0.0275,0.0105,1.3810
SRSF1,0.4298,0.1363,1.6572
SRSF1,0.2525,0.0765,1.7219
SRSF1,0.1820,0.0564,1.6893
SRSF1,0.4602,0.1382,1.7352
SRSF1,0.2902,0.1004,1.5306
SRSF1,0.2912,0.1144,1.3478
SRSF1,0.2776,0.0689,2.0099
SRSF1,0.2082,0.0575,1.8566
SRSF1,0.2379,0.0665,1.8384
SRSF1,0.2510,0.0479,2.3899
SRSF1,0.2053,0.0995,1.0450
SRSF1,0.3044,0.1207,1.3350
SRSF1,0.2048,0.0592,1.7908
SRSF1,0.3029,0.0643,2.2361
SRSF1,0.0650,0.0330,0.9802
SRSF1,0.2565,0.0628,2.0307
SRSF1,0.2425,0.0463,2.3883
SRSF1,0.0697,0.0261,1.4167
SRSF1,0.0702,0.0451,0.6388
SRSF1,0.2226,0.0715,1.6382
SRSF1,0.0256,0.0084,1.6174
SRSF1,0.1933,0.0694,1.4784
SRSF1,0.1467,0.0311,2.2383
SRSF1,0.4397,0.1248,1.8174
SRSF1,0.1735,0.1002,0.7918
SRSF1,0.1392,0.0291,2.2581
SRSF1,0.2207,0.0565,1.9657
SRSF1,0.2381,0.0606,1.9735
SRSF1,0.2775,0.0614,2.1753
SRSF1,0.1675,0.0562,1.5759
SRSF1,0.1498,0.0681,1.1376
SRSF1,0.2235,0.0520,2.1046
SRSF1,0.1933,0.0483,1.9992
SRSF1,0.0291,0.0105,1.4739
SRSF1,0.2142,0.0511,2.0676
SRSF1,0.2480,0.0396,2.6484
SRSF1,0.3416,0.1145,1.5771
SRSF1,0.3422,0.1397,1.2931
SRSF1,0.1590,0.0653,1.2829
SRSF1,0.2149,0.0778,1.4660
SRSF1,0.2783,0.1021,1.4466
SRSF1,0.3683,0.0696,2.4040
SRSF1,0.1157,0.0292,1.9836
SRSF1,0.3571,0.0856,2.0600
SRSF1,0.0256,0.0070,1.8704
SRSF1,0.3101,0.1086,1.5133
SRSF1,0.0263,0.0093,1.4958
SRSF1,0.3931,0.0950,2.0487
SRSF1,0.2461,0.0539,2.1917
SRSF1,0.1559,0.0711,1.1332
SRSF1,0.3486,0.0430,3.0183
SRSF1,0.2589,0.0497,2.3798
SRSF1,0.0189,0.0040,2.2307
SRSF1,0.2576,0.1046,1.3009
SRSF1,0.1768,0.0429,2.0435
SRSF1,0.3298,0.0416,2.9885
SRSF1,0.1730,0.0612,1.4993
SRSF1,0.3224,0.0999,1.6899
SRSF1,0.2199,0.0845,1.3804
SRSF1,0.1065,0.0178,2.5803
SRSF1,0.2548,0.0673,1.9203
SRSF1,0.0284,0.0084,1.7542
SRSF1,0.0262,0.0076,1.7938
SRSF1,0.2222,0.0404,2.4585
SRSF1,0.2371,0.0529,2.1657
SRSF1,0.0177,0.0029,2.6283
SRSF1,0.0174,0.0046,1.9325
SRSF1,0.0285,0.0043,2.7438
SRSF1,0.0267,0.0043,2.6268
SRSF1,0.0192,0.0063,1.6074
SRSF1,0.2090,0.0611,1.7757
SRSF1,0.3514,0.1092,1.6859
SRSF1,0.2000,0.1067,0.9066
SRSF1,0.3479,0.0894,1.9613
SRSF1,0.2088,0.1171,0.8339
SRSF1,0.3735,0.0519,2.8463
SRSF1,0.0293,0.0100,1.5521
SRSF1,0.2365,0.0866,1.4490
SRSF1,0.4718,0.1361,1.7937
SRSF1,0.1920,0.0544,1.8207
SRSF1,0.2207,0.0799,1.4656
SRSF1,0.0877,0.0222,1.9847
SRSF1,0.2258,0.0702,1.6848
SRSF1,0.2653,0.0730,1.8608
SRSF1,0.3519,0.0935,1.9121
SRSF1,0.0624,0.0243,1.3569
SRSF1,0.2271,0.0719,1.6599
SRSF1,0.2487,0.0583,2.0929
SRSF1,0.2331,0.0819,1.5095
SRSF1,0.2693,0.0705,1.9341
SRSF1,0.2022,0.0662,1.6102
SRSF1,0.2875,0.0674,2.0933
SRSF1,0.3921,0.1069,1.8751
SRSF1,0.1863,0.0655,1.5083
SRSF1,0.2532,0.0538,2.2344
SRSF1,0.3563,0.0957,1.8960
SRSF1,0.0302,0.0151,1.0031
SRSF1,0.2568,0.0687,1.9031
SRSF1,0.2522,0.0571,2.1423
SRSF1,0.1419,0.0538,1.3990
SRSF1,0.2124,0.0781,1.4427
SRSF1,0.2383,0.0712,1.7425
SRSF1,0.1849,0.0527,1.8126
SRSF1,0.1091,0.0310,1.8139
SRSF1,0.1253,0.0560,1.1623
SRSF1,0.2848,0.1083,1.3954
SRSF1,0.2363,0.0522,2.1795
SRSF1,0.2381,0.0603,1.9816
SRSF1,0.2092,0.0413,2.3415
SRSF1,0.0729,0.0486,0.5845
SRSF1,0.0540,0.0200,1.4348
SRSF1,0.2843,0.0565,2.3303
SRSF1,0.1109,0.0319,1.7987
SRSF1,0.2678,0.1154,1.2152
SRSF1,0.0403,0.0192,1.0696
SRSF1,0.3762,0.1641,1.1968
SRSF1,0.3337,0.1057,1.6587
SRSF1,0.1784,0.0670,1.4125
SRSF1,0.0201,0.0020,3.3209
SRSF1,0.1166,0.0276,2.0784
SRSF1,0.0188,0.0028,2.7426
SRSF1,0.2306,0.0483,2.2551
SRSF1,0.2501,0.0687,1.8645
SRSF1,0.1374,0.0489,1.4912
SRSF1,0.0217,0.0019,3.5347
SRSF1,0.0577,0.0514,0.1675
SRSF1,0.1944,0.0441,2.1385
SRSF1,0.0229,0.0060,1.9414
SRSF1,0.0206,0.0149,0.4675
SRSF1,0.1945,0.0400,2.2809
SRSF1,0.1344,0.0474,1.5027
SRSF1,0.0493,0.0394,0.3220
SRSF1,0.2212,0.0822,1.4288
SRSF1,0.1828,0.0503,1.8613
SRSF1,0.2749,0.0513,2.4221
SRSF1,0.0252,0.0042,2.5814
SRSF1,0.1335,0.0454,1.5558
SRSF1,0.3580,0.1223,1.5490
SRSF1,0.2899,0.0855,1.7607
SRSF1,0.2731,0.0536,2.3501
SRSF1,0.1795,0.0303,2.5666
SRSF1,0.1188,0.0379,1.6479
SRSF1,0.2015,0.0585,1.7846
SRSF1,0.1704,0.0345,2.3022
SRSF1,0.1799,0.0430,2.0663
SRSF1,0.1705,0.0534,1.6742
SRSF1,0.1531,0.0444,1.7854
SRSF1,0.0476,0.0118,2.0086
SRSF1,0.2150,0.0542,1.9883
SRSF1,0.1449,0.0443,1.7104
SRSF1,0.1382,0.0359,1.9446
SRSF1,0.1038,0.0185,2.4845
SRSF1,0.2302,0.0805,1.5150
SRSF1,0.0847,0.0285,1.5707
SRSF1,0.3033,0.0626,2.2774
SRSF1,0.2437,0.0399,2.6091
SRSF1,0.3325,0.0839,1.9867
SRSF1,0.1754,0.0425,2.0464
SRSF1,0.3235,0.0629,2.3624
SRSF1,0.3106,0.1144,1.4418
SRSF1,0.3241,0.0773,2.0673
SRSF1,0.2594,0.0580,2.1611
SRSF1,0.2531,0.0601,2.0753
SRSF1,0.3778,0.1131,1.7403
SRSF1,0.1708,0.0506,1.7540
SRSF1,0.3179,0.0620,2.3592
SRSF1,0.2691,0.0318,3.0808
SRSF1,0.2068,0.0592,1.8046
SRSF1,0.0221,0.0100,1.1409
SRSF1,0.1811,0.0497,1.8656
SRSF1,0.1832,0.0407,2.1710
SRSF1,0.3196,0.1127,1.5031
SRSF1,0.2785,0.0711,1.9697
SRSF1,0.4851,0.1401,1.7918
SRSF1,0.1795,0.0544,1.7235
SRSF1,0.1658,0.0239,2.7963
SRSF1,0.1870,0.0571,1.7120
SRSF1,0.1616,0.0503,1.6841
SRSF1,0.1465,0.0405,1.8551
SRSF1,0.2458,0.0405,2.6002
SRSF1,0.3633,0.1088,1.7398
SRSF1,0.1413,0.0643,1.1358
SRSF1,0.2732,0.0457,2.5801
SRSF1,0.2738,0.0894,1.6148
SRSF1,0.4332,0.1147,1.9172
SRSF1,0.2043,0.0606,1.7529
SRSF1,0.4080,0.1770,1.2048
SRSF1,0.0169,0.0034,2.3203
SRSF1,0.2905,0.0731,1.9911
SRSF1,0.1785,0.0501,1.8328
SRSF1,0.2491,0.0805,1.6297
SRSF1,0.1565,0.0542,1.5288
SRSF1,0.2024,0.0573,1.8206
SRSF1,0.1898,0.0836,1.1834
SRSF1,0.3301,0.0564,2.5501
SRSF1,0.4389,0.1197,1.8741
SRSF1,0.3380,0.1053,1.6821
SRSF1,0.2706,0.0981,1.4638
SRSF1,0.1851,0.0673,1.4594
SRSF1,0.2892,0.0947,1.6113
SRSF1,0.1773,0.0636,1.4784
SRSF1,0.2505,0.0832,1.5903
SRSF1,0.2683,0.0864,1.6350
SRSF1,0.2022,0.0405,2.3212
SRSF1,0.1584,0.0582,1.4454
SRSF1,0.1954,0.0703,1.4743
SRSF1,0.2647,0.0770,1.7807
SRSF1,0.3274,0.0702,2.2219
SRSF1,0.1678,0.0251,2.7437
SRSF1,0.2771,0.0975,1.5070
SRSF1,0.0225,0.0055,2.0457
SRSF1,0.0765,0.0236,1.6976
SRSF1,0.2464,0.0644,1.9358
SRSF1,0.1846,0.0470,1.9747
SRSF1,0.0204,0.0038,2.4165
SRSF1,0.3312,0.0831,1.9956
SRSF1,0.2267,0.0772,1.5534
SRSF1,0.2332,0.0494,2.2394
SRSF1,0.3532,0.1350,1.3870
SRSF1,0.3249,0.1439,1.1751
SRSF1,0.2511,0.1256,0.9991
SRSF1,0.3667,0.1498,1.2918
SRSF1,0.3480,0.1044,1.7369
SRSF1,0.3245,0.0907,1.8389
SRSF1,0.2208,0.0670,1.7197
SRSF1,0.3940,0.1196,1.7199
SRSF1,0.2903,0.0738,1.9765
SRSF1,0.2554,0.0987,1.3720
SRSF1,0.1367,0.0577,1.2448
SRSF1,0.2955,0.1084,1.4467
SRSF1,0.3185,0.0835,1.9318
SRSF1,0.3205,0.1216,1.3982
SRSF1,0.3057,0.1235,1.3076
SRSF1,0.2215,0.0851,1.3806
SRSF1,0.0202,0.0050,2.0084
SRSF1,0.3616,0.1467,1.3014
SRSF1,0.3351,0.1156,1.5359
SRSF1,0.2738,0.0916,1.5791
SRSF1,0.3352,0.1318,1.3471
SRSF1,0.3002,0.0996,1.5923
SRSF1,0.1371,0.0162,3.0793
SRSF1,0.2542,0.0735,1.7900
SRSF1,0.3723,0.1366,1.4466
SRSF1,0.2233,0.0630,1.8252
SRSF1,0.3396,0.0852,1.9943
SRSF1,0.3262,0.1111,1.5544
SRSF1,0.2932,0.0881,1.7355
SRSF1,0.3818,0.1281,1.5758
SRSF1,0.2467,0.0746,1.7254
SRSF1,0.0268,0.0096,1.4806
SRSF1,0.3481,0.1245,1.4831
SRSF1,0.2522,0.0575,2.1330
SRSF1,0.2699,0.0991,1.4455
SRSF1,0.0837,0.0636,0.3953
SRSF1,0.1163,0.0379,1.6181
SRSF1,0.2444,0.0635,1.9436
SRSF1,0.2507,0.0802,1.6444
SRSF1,0.1281,0.0749,0.7742
SRSF1,0.2266,0.0794,1.5125
SRSF1,0.3738,0.1638,1.1904
SRSF1,0.2927,0.1030,1.5069
SRSF1,0.1653,0.0695,1.2495
SRSF1,0.2503,0.0955,1.3892
SRSF1,0.2478,0.0776,1.6756
SRSF1,0.1652,0.0436,1.9209
SRSF1,0.2472,0.0838,1.5602
SRSF1,0.2380,0.0532,2.1616
SRSF1,0.0369,0.0050,2.8778
SRSF1,0.3485,0.1361,1.3562
SRSF1,0.1679,0.0412,2.0264
SRSF1,0.2780,0.0760,1.8713
SRSF1,0.2857,0.0889,1.6848
SRSF1,0.2379,0.0817,1.5412
SRSF1,0.3284,0.0886,1.8896
SRSF1,0.2638,0.0678,1.9608
SRSF1,0.2858,0.0800,1.8369
SRSF1,0.1313,0.0355,1.8859
SRSF1,0.4096,0.0915,2.1620
SRSF1,0.3206,0.0825,1.9584
SRSF1,0.3916,0.1034,1.9215
SRSF1,0.3031,0.1165,1.3796
SRSF1,0.2993,0.1071,1.4823
SRSF1,0.2803,0.1097,1.3534
SRSF1,0.2361,0.0589,2.0032
SRSF1,0.2117,0.0744,1.5086
SRSF1,0.3541,0.0993,1.8343
SRSF1,0.2192,0.0550,1.9952
SRSF1,0.2308,0.0650,1.8273
SRSF1,0.3229,0.0714,2.1769
SRSF1,0.2964,0.1199,1.3059
SRSF1,0.2200,0.0765,1.5230
SRSF1,0.3033,0.0834,1.8625
SRSF1,0.2696,0.0809,1.7376
SRSF1,0.2953,0.0803,1.8789
SRSF1,0.1854,0.0742,1.3210
SRSF1,0.3170,0.0975,1.7011
SRSF1,0.1886,0.0624,1.5961
SRSF1,0.2366,0.0578,2.0335
SRSF1,0.2130,0.0538,1.9850
SRSF1,0.2425,0.0757,1.6800
SRSF1,0.0233,0.0087,1.4205
SRSF1,0.0248,0.0063,1.9736
SRSF1,0.3374,0.0868,1.9596
SRSF1,0.0307,0.0066,2.2125
SRSF1,0.1940,0.0800,1.2787
SRSF1,0.2513,0.0930,1.4345
SRSF1,0.3664,0.1119,1.7118
SRSF1,0.2061,0.0331,2.6364
SRSF1,0.3396,0.0546,2.6370
SRSF1,0.4605,0.1008,2.1919
SRSF1,0.2352,0.0742,1.6645
SRSF1,0.3730,0.1169,1.6742
SRSF1,0.2191,0.0790,1.4713
SRSF1,0.3933,0.1293,1.6055
SRSF1,0.3517,0.1317,1.4170
SRSF1,0.1614,0.0849,0.9268
SRSF1,0.2318,0.0775,1.5814
SRSF1,0.2184,0.0682,1.6787
SRSF1,0.2632,0.0785,1.7452
SRSF1,0.1431,0.0438,1.7070
SRSF1,0.1945,0.0567,1.7775
SRSF1,0.4361,0.1222,1.8357
SRSF1,0.0675,0.0102,2.7199
SRSF1,0.2497,0.0809,1.6261
SRSF1,0.2521,0.0885,1.5107
SRSF1,0.2212,0.0890,1.3143
SRSF1,0.1983,0.0725,1.4519
SRSF1,0.2054,0.0991,1.0520
SRSF1,0.2249,0.0781,1.5260
SRSF1,0.2130,0.0805,1.4042
SRSF1,0.3605,0.0761,2.2440
SRSF1,0.2126,0.0739,1.5239
SRSF1,0.0347,0.0078,2.1521
SRSF1,0.3673,0.0817,2.1693
SRSF1,0.3081,0.0598,2.3661
SRSF1,0.4717,0.1304,1.8553
SRSF1,0.2841,0.0830,1.7751
SRSF1,0.2594,0.0865,1.5850
SRSF1,0.2858,0.0843,1.7605
SRSF1,0.2293,0.0728,1.6557
SRSF1,0.2278,0.0828,1.4592
SRSF1,0.2875,0.0949,1.5991
SRSF1,0.4034,0.1112,1.8596
SRSF1,0.3155,0.0931,1.7602
SRSF1,0.5006,0.1887,1.4078
SRSF1,0.3903,0.1225,1.6720
SRSF1,0.4705,0.1465,1.6833
SRSF1,0.3500,0.1103,1.6662
SRSF1,0.1920,0.0243,2.9794
SRSF1,0.2045,0.0680,1.5892
SRSF1,0.2414,0.0575,2.0696
SRSF1,0.4095,0.0972,2.0741
SRSF1,0.2901,0.0880,1.7206
SRSF1,0.3002,0.0957,1.6498
SRSF1,0.2137,0.0397,2.4270
SRSF1,0.2391,0.0664,1.8488
SRSF1,0.3782,0.1091,1.7931
SRSF1,0.2271,0.0886,1.3575
SRSF1,0.3667,0.1339,1.4537
SRSF1,0.3208,0.0778,2.0444
SRSF1,0.2601,0.0764,1.7667
SRSF1,0.1007,0.0227,2.1506
SRSF1,0.2232,0.0846,1.3995
SRSF1,0.2674,0.0684,1.9660
SRSF1,0.3221,0.0661,2.2848
SRSF1,0.2690,0.0327,3.0424
SRSF1,0.1499,0.0247,2.6021
SRSF1,0.4912,0.1206,2.0257
SRSF1,0.4631,0.1126,2.0408
SRSF1,0.2757,0.0833,1.7272
SRSF1,0.4082,0.1093,1.9009
SRSF1,0.3430,0.1100,1.6408
SRSF1,0.1756,0.0634,1.4706
SRSF1,0.2196,0.0596,1.8827
SRSF1,0.4077,0.1528,1.4157
SRSF1,0.0853,0.0177,2.2714
SRSF1,0.2679,0.0651,2.0412
SRSF1,0.4653,0.1126,2.0465
SRSF1,0.2211,0.0582,1.9262
SRSF1,0.3104,0.0581,2.4173
SRSF1,0.0570,0.0242,1.2342
SRSF1,0.3645,0.0887,2.0397
SRSF1,0.2754,0.0680,2.0167
SRSF1,0.3178,0.1184,1.4245
SRSF1,0.4148,0.1100,1.9145
SRSF1,0.2028,0.0427,2.2492
SRSF1,0.2104,0.0585,1.8476
SRSF1,0.3113,0.0741,2.0700
SRSF1,0.2439,0.0688,1.8250
SRSF1,0.0526,0.0225,1.2283
SRSF1,0.3771,0.1395,1.4349
SRSF1,0.2339,0.0867,1.4328
SRSF1,0.3838,0.0884,2.1175
SRSF1,0.0186,0.0057,1.7161
SRSF1,0.3426,0.0440,2.9595
SRSF1,0.4692,0.1202,1.9643
SRSF1,0.0836,0.0200,2.0620
SRSF1,0.5395,0.1361,1.9871
SRSF1,0.3654,0.0921,1.9877
SRSF1,0.3470,0.1275,1.4443
SRSF1,0.3550,0.0673,2.3984
SRSF1,0.4454,0.0722,2.6245
SRSF1,0.2760,0.0590,2.2247
SRSF1,0.2873,0.0969,1.5673
SRSF1,0.3440,0.0677,2.3444
SRSF1,0.3647,0.1226,1.5730
SRSF1,0.2323,0.0816,1.5102
SRSF1,0.4958,0.1675,1.5660
SRSF1,0.2395,0.0572,2.0657
SRSF1,0.4493,0.1272,1.8207
SRSF1,0.3528,0.1335,1.4022
SRSF1,0.1725,0.0363,2.2481
SRSF1,0.3036,0.1155,1.3942
SRSF1,0.2924,0.1043,1.4872
SRSF1,0.0536,0.0188,1.5138
SRSF1,0.1773,0.0574,1.6258
SRSF1,0.3795,0.1202,1.6588
SRSF1,0.3963,0.0787,2.3314
SRSF1,0.1478,0.0448,1.7218
SRSF1,0.2077,0.0738,1.4937
SRSF1,0.3278,0.1041,1.6546
SRSF1,0.4284,0.1204,1.8307
SRSF1,0.3198,0.0853,1.9067
SRSF1,0.4619,0.1407,1.7151
SRSF1,0.0256,0.0086,1.5661
SRSF1,0.2509,0.0662,1.9229
SRSF1,0.3331,0.0855,1.9626
SRSF1,0.4078,0.1178,1.7918
SRSF1,0.3535,0.1348,1.3913
SRSF1,0.2280,0.0735,1.6330
SRSF1,0.3458,0.1207,1.5183
SRSF1,0.4352,0.1364,1.6736
SRSF1,0.1681,0.0582,1.5294
SRSF1,0.1761,0.0430,2.0348
SRSF1,0.3417,0.0934,1.8712
SRSF1,0.3746,0.1359,1.4631
SRSF1,0.3522,0.1072,1.7167
SRSF1,0.1629,0.0503,1.6964
SRSF1,0.2328,0.0608,1.9380
SRSF1,0.3793,0.1876,1.0154
SRSF1,0.0573,0.0264,1.1177
SRSF1,0.3591,0.0921,1.9636
SRSF1,0.2082,0.1053,0.9842
SRSF1,0.4092,0.1174,1.8020
SRSF1,0.4044,0.1425,1.5046
SRSF1,0.2617,0.0960,1.4459
SRSF1,0.3759,0.1314,1.5163
SRSF1,0.2062,0.0760,1.4402
SRSF1,0.4206,0.1030,2.0296
SRSF1,0.0378,0.0087,2.1169
SRSF1,0.2387,0.0760,1.6522
SRSF1,0.3390,0.0555,2.6111
SRSF1,0.2648,0.0709,1.9008
SRSF1,0.2655,0.0705,1.9133
SRSF1,0.2411,0.0936,1.3658
SRSF1,0.2889,0.0956,1.5951
SRSF1,0.2655,0.0491,2.4356
SRSF1,0.2957,0.0338,3.1282
SRSF1,0.2688,0.0333,3.0133
SRSF1,0.2301,0.0772,1.5754
SRSF1,0.1939,0.0960,1.0151
SRSF1,0.1207,0.0319,1.9202
SRSF1,0.1953,0.0260,2.9095
SRSF1,0.2603,0.0351,2.8913
SRSF1,0.1573,0.0303,2.3771
SRSF1,0.2618,0.0879,1.5749
SRSF1,0.1398,0.0291,2.2644
SRSF1,0.1004,0.0227,2.1428
SRSF1,0.3291,0.1080,1.6081
SRSF1,0.1954,0.0337,2.5351
SRSF1,0.2058,0.0324,2.6683
SRSF1,0.1964,0.0310,2.6634
SRSF1,0.3746,0.1379,1.4421
SRSF1,0.3169,0.1087,1.5433
SRSF1,0.3962,0.1525,1.3776
SRSF1,0.3740,0.0905,2.0476
SRSF1,0.2895,0.0449,2.6877
SRSF1,0.1691,0.0322,2.3938
SRSF1,0.1674,0.0521,1.6833
SRSF1,0.0343,0.0074,2.2117
SRSF1,0.2390,0.0315,2.9213
SRSF1,0.1318,0.0473,1.4789
SRSF1,0.3082,0.0367,3.0691
SRSF1,0.3065,0.1164,1.3963
SRSF1,0.0186,0.0024,2.9571
SRSF1,0.0186,0.0023,3.0242
SRSF1,0.1972,0.0309,2.6738
SRSF1,0.2227,0.0765,1.5405
SRSF1,0.2340,0.0300,2.9617
SRSF1,0.1987,0.0376,2.4008
SRSF1,0.0740,0.0213,1.7985
